000050 경방 13,500 27,415,270 14.93 0.45 0.93 3,701
000070 삼양홀딩스 97,000 8,564,271 3.29 0.42 2.32 8,307
000140 하이트진로홀딩스 12,300 23,206,765 6.20 0.52 3.25 2,854
000180 성창기업지주 2,320 69,751,600 10.31 0.27 0 1,618
000240 한국앤컴퍼니 15,850 94,935,240 6.08 0.40 3.15 1조5,047
000320 노루홀딩스 11,700 13,291,151 14.08 0.33 3.85 1,555
000390 삼화페인트 8,400 27,203,469 2,800.00 0.67 1.79 2,285
000370 한화손해보험 3,620 116,738,915 4.68 0.28 0 4,226
000480 조선내화 81,900 4,000,000 17.38 0.39 5.13 3,276
000490 대동 9,390 23,728,210 7.00 0.54 0.85 2,228
000500 가온전선 23,900 4,160,347 14.90 0.35 2.51 994
000540 흥국화재 3,450 64,242,645 6.10 0.32 0 2,216
000590 CS홀딩스 61,000 1,154,482 5.67 0.27 0.82 704
000670 영풍 634,000 1,842,040 9.85 0.32 1.58 1조1,679
000810 삼성화재 202,500 47,374,837 8.75 0.56 4.35 9조5,934
000850 화천기공 33,300 2,200,000 11.75 0.24 2.25 733
000860 강남제비스코 21,450 6,500,000 1.53 0.22 2.33 1,394
000880 한화 31,050 74,958,735 5.25 0.59 2.25 2조3,275
001040 CJ 82,000 29,176,998 71.06 0.53 2.44 2조3,925
001080 만호제강 21,150 4,150,000 32.29 0.28 0.95 878
001120 LX인터내셔널 24,200 38,760,000 3.49 0.52 1.65 9,380
001130 대한제분 149,500 1,690,000 2.95 0.28 1.34 2,527
001200 유진투자증권 3,640 96,866,418 3.83 0.36 3.30 3,526
001230 동국제강 15,350 95,432,737 3.24 0.58 1.30 1조4,649
001270 부국증권 24,150 10,369,886 3.82 0.33 4.97 2,504
001290 상상인증권 1,115 97,505,815 15.70 0.55 0 1,087
001450 현대해상 23,600 89,400,000 5.46 0.40 4.24 2조1,098
001500 현대차증권 12,350 31,712,562 5.15 0.42 5.47 3,916
001630 종근당홀딩스 72,700 5,009,861 7.88 0.67 1.93 3,642
001680 대상 22,050 34,648,025 8.53 0.68 3.17 7,640
001720 신영증권 57,800 9,386,237 6.24 0.34 6.92 5,425
001740 SK네트웍스 4,840 248,187,647 25.61 0.49 2.48 1조2,012
001750 한양증권 14,800 12,728,534 2.63 0.47 5.07 1,884
001790 대한제당 3,155 89,696,580 10.45 0.60 2.85 2,830
001800 오리온홀딩스 15,250 62,645,422 12.19 0.44 4.26 9,553
001810 무림SP 2,870 22,137,500 14.57 0.30 0.87 635
001880 DL건설 26,300 22,053,284 4.25 0.67 2.09 5,800
001940 KISCO홀딩스 14,650 18,476,380 3.74 0.22 2.05 2,707
002020 코오롱 30,100 12,626,426 2.24 0.46 1.66 3,801
002030 아세아 124,000 2,191,024 2.98 0.26 1.61 2,717
002140 고려산업 2,735 24,939,425 9.50 0.63 1.28 682
002170 삼양통상 58,000 3,000,000 3.36 0.41 2.15 1,740
002200 한국수출포장 25,150 4,000,000 6.58 0.37 2.39 1,006
002240 고려제강 19,450 23,000,000 3.78 0.30 1.34 4,474
002270 롯데푸드 331,500 1,209,055 13.45 0.40 3.62 4,008
002310 아세아제지 50,400 8,956,502 4.90 0.64 1.39 4,514
002320 한진 30,200 14,947,628 2.17 0.34 1.99 4,514
002380 KCC 295,000 8,886,471 3.72 0.44 1.93 2조6,215
002450 삼익악기 1,730 90,530,915 2.52 0.50 2.89 1,566
002460 화성산업 11,550 12,450,800 8.38 0.35 5.63 1,438
002620 제일파마홀딩스 15,050 15,973,355 36.62 0.56 0.47 2,404
002810 삼영무역 14,250 18,466,948 6.95 0.61 3.51 2,632
003010 혜인 5,190 12,712,747 7.69 0.50 2.31 660
003030 세아제강지주 107,000 4,141,657 3.23 0.37 1.40 4,432
003200 일신방직 100,500 2,400,000 4.66 0.30 1.49 2,412
003240 태광산업 954,000 1,113,400 4.19 0.21 0.16 1조622
003300 한일홀딩스 12,500 28,815,780 5.49 0.26 4.08 3,602
003380 하림지주 9,190 92,341,820 3.54 0.34 0.54 8,486
003460 유화증권 2,740 56,702,415 24.25 0.34 4.01 1,554
003470 유안타증권 3,975 199,596,576 3.51 0.52 3.14 7,934
003540 대신증권 19,600 50,773,400 2.67 0.50 6.12 9,952
003550 LG 81,300 157,300,993 5.36 0.61 3.08 12조7,886
003570 SNT중공업 8,590 33,252,697 4.56 0.28 3.49 2,856
003650 미창석유 78,700 1,739,672 4.91 0.41 2.67 1,369
003680 한성기업 5,650 6,209,515 28.97 0.60 0 351
003690 코리안리 9,270 120,369,116 8.07 0.38 4.85 1조1,158
003830 대한화섬 125,000 1,328,000 8.87 0.22 0.33 1,660
003960 사조대림 24,800 9,164,467 3.85 0.43 0.81 2,273
004150 한솔홀딩스 3,415 42,008,577 2.47 0.28 3.51 1,435
004360 세방 11,300 19,308,690 5.26 0.28 1.68 2,182
004450 삼화왕관 41,800 2,154,379 29.31 0.53 2.99 901
004540 깨끗한나라 4,130 37,240,693 11.73 0.71 2.42 1,538
004560 현대비앤지스틸 15,100 15,078,811 3.57 0.48 0.66 2,277
004690 삼천리 85,000 4,055,025 4.46 0.22 3.53 3,447
004710 한솔테크닉스 6,060 32,109,878 84.17 0.66 0 1,946
004780 대륙제관 4,915 15,903,199 7.10 0.65 3.05 782
004840 DRB동일 4,930 19,930,000  0.26 1.01 983
004960 한신공영 15,750 11,570,702 2.52 0.29 2.54 1,822
004980 성신양회 11,150 24,516,073 43.73 0.70 1.35 2,734
005010 휴스틸 14,650 7,837,615 2.79 0.25 1.37 1,148
005160 동국산업 3,305 54,244,482 8.00 0.43 3.93 1,793
005440 현대그린푸드 8,160 97,704,482 10.06 0.38 2.57 7,973
005490 POSCO 278,500 87,186,835 4.17 0.43 2.87 24조2,815
005680 삼영전자 10,650 20,000,000 12.99 0.42 2.35 2,130
005710 대원산업 6,790 20,037,600 3.47 0.39 1.84 1,361
005720 넥센 4,495 53,543,977 6.89 0.23 1.89 2,407
005740 크라운해태홀딩스 8,110 14,847,347 8.38 0.42 1.23 1,204
005800 신영와코루 112,500 900,000 17.74 0.31 1.33 1,012
005810 풍산홀딩스 27,500 10,409,528 1.89 0.31 3.00 2,863
005820 원림 18,450 2,297,970 40.82 0.36 2.59 424
005830 DB손해보험 53,900 70,800,000 5.53 0.51 4.08 3조8,161
005940 NH투자증권 12,550 297,033,887 4.61 0.58 5.58 3조7,278
005960 동부건설 14,600 22,738,844 3.17 0.62 6.16 3,320
005990 매일홀딩스 8,830 13,718,304 2.66 0.34 1.59 1,211
006040 동원산업 216,000 3,677,641 3.88 0.52 2.32 7,944
006090 사조오양 8,980 9,422,739 7.60 0.44 1.67 846
006120 SK디스커버리 44,150 19,037,855 4.59 0.37 2.27 8,405
006220 제주은행 5,270 32,128,774 8.64 0.33 1.90 1,693
006260 LS 51,200 32,200,000 6.43 0.41 2.83 1조6,486
006360 GS건설 38,650 85,581,490 9.41 0.72 3.11 3조3,077
006650 대한유화 191,500 6,500,000 5.95 0.58 1.57 1조2,448
006800 미래에셋증권 8,940 635,316,408 6.11 0.54 2.24 5조6,797
006880 신송홀딩스 5,250 11,828,858 9.94 0.61 1.90 621
006980 우성 26,500 3,090,000 11.09 0.38 0.57 819
007120 미래아이앤지 454 129,484,148 25.22 0.64 0 588
007160 사조산업 43,550 5,000,000 9.90 0.50 0.46 2,178
007330 푸른저축은행 11,200 15,082,800 7.12 0.47 4.91 1,689
007540 샘표 39,450 2,875,800 9.82 0.46 0.51 1,134
007590 동방아그로 6,930 13,617,577 14.11 0.57 5.34 944
007610 선도전기 3,550 18,000,000  0.72 0.14 639
007690 국도화학 54,500 9,010,616 3.21 0.62 1.70 4,911
008040 사조동아원 1,095 141,144,600 28.82 0.68 0 1,546
008110 대동전자 8,390 10,490,447 12.87 0.43 5.96 880
008250 이건산업 11,200 10,952,635 9.68 0.61 1.79 1,227
008420 문배철강 3,685 20,503,505 3.28 0.52 1.36 756
008470 부스타 5,540 8,404,800 14.10 0.58 2.17 466
009290 광동제약 6,860 52,420,851 33.79 0.57 1.46 3,596
009300 삼아제약 17,050 6,370,000 608.93 0.62 1.76 1,086
009310 참엔지니어링 1,145 55,528,564  0.79 0 636
009410 태영건설 9,960 38,899,098  0.57 3.26 3,874
009770 삼정펄프 26,550 2,499,971 46.66 0.32 3.77 664
009970 영원무역홀딩스 48,000 13,635,592 4.00 0.35 2.50 6,545
010040 한국내화 3,310 41,067,062 13.40 0.49 1.06 1,359
010100 한국프랜지 2,550 30,450,420 4.02 0.31 1.96 776
010400 우진아이엔에스 6,710 7,622,000 108.23 0.47 3.73 511
010960 삼호개발 4,730 25,000,000 6.65 0.49 4.02 1,182
011170 롯데케미칼 222,000 34,275,419 5.58 0.53 1.62 7조6,091
011210 현대위아 74,800 27,195,083 55.74 0.61 0.94 2조342
011370 서한 1,525 100,894,865 4.36 0.44 2.62 1,539
011560 세보엠이씨 6,310 10,530,000 7.72 0.40 3.17 664
011760 현대코퍼레이션 15,350 13,228,966 4.09 0.54 3.91 2,031
012030 DB 953 201,173,933 17.02 0.52 0 1,917
012200 계양전기 3,900 32,600,000 20.53 0.66 0.90 1,271
012320 경동인베스트 34,250 2,365,023 5.58 0.17 1.46 810
012330 현대모비스 238,000 94,573,094 9.58 0.63 1.68 22조5,084
012620 원일특강 13,100 4,400,000 3.08 0.42 0.92 576
012630 HDC 10,050 59,741,721 3.38 0.23 2.49 6,004
012700 리드코프 8,870 26,446,135 5.85 0.55 9.02 2,346
013030 하이록코리아 16,400 13,613,232 20.58 0.62 3.05 2,233
013120 동원개발 4,850 90,808,100 3.93 0.47 3.81 4,404
013580 계룡건설 33,850 8,930,907 2.67 0.47 1.77 3,023
014440 영보화학 4,560 20,000,000 22.91 0.58 1.64 912
014530 극동유화 3,535 34,869,420 10.31 0.66 3.96 1,233
014710 사조씨푸드 5,030 17,218,543 10.39 0.38 0 866
014790 한라 5,240 37,858,601 2.05 0.62 1.91 1,984
015230 대창단조 7,330 14,286,115 5.26 0.46 2.46 1,047
015760 한국전력 21,350 641,964,077  0.20 5.70 13조7,059
016090 대현 2,155 44,282,310 8.04 0.45 1.86 954
016360 삼성증권 45,550 89,300,000 4.29 0.68 4.83 4조676
016450 한세예스24홀딩스 7,140 40,000,000 4.05 0.57 3.50 2,856
016590 신대양제지 81,400 4,029,782 6.57 0.59 0.77 3,280
016600 큐캐피탈 545 170,790,807 24.77 0.69 0 931
016610 DB금융투자 6,690 42,446,389 2.00 0.31 4.48 2,840
016740 두올 3,880 33,066,680 9.24 0.66 2.06 1,283
017390 서울가스 159,000 5,000,000 638.55 0.60 10.53 7,950
017480 삼현철강 5,520 15,702,890 3.79 0.50 2.72 867
017650 대림제지 11,400 9,000,000 5.21 0.51 0.66 1,026
017890 한국알콜 11,800 21,605,760 5.38 0.59 0.85 2,549
017940 E1 46,750 6,860,000 2.09 0.20 4.71 3,207
018670 SK가스 118,500 9,230,244 4.41 0.51 3.38 1조938
019010 베뉴지 2,070 48,200,000 2.37 0.28 1.45 998
020400 대동금속 9,380 3,189,166 31.69 0.72 0.64 299
021320 KCC건설 8,320 21,400,000 3.83 0.38 2.16 1,780
021820 세원정공 8,090 10,000,000 4.18 0.18 0.31 809
023000 삼원강재 3,090 40,000,000 14.58 0.57 3.40 1,236
023350 한국종합기술 6,680 10,950,000 6.40 0.49 1.50 731
023410 유진기업 4,500 77,310,863 10.04 0.38 3.78 3,479
023460 CNH 2,560 37,200,000 4.28 0.54 1.95 952
023590 다우기술 22,500 44,866,617 2.89 0.51 2.22 1조95
023600 삼보판지 15,750 16,170,000 4.59 0.58 0.79 2,547
024110 기업은행 10,550 744,300,587 4.43 0.30 4.46 7조8,524
024120 KB오토시스 6,250 11,500,000 16.36 0.68 2.72 719
024720 한국콜마홀딩스 18,800 18,576,719 4.21 0.59 1.09 3,492
024800 유성티엔에스 3,005 31,278,618 1.97 0.29 0.50 940
024840 KBI메탈 1,795 32,950,848  0.61 0 591
025000 KPX케미칼 53,700 4,840,000 4.41 0.46 5.12 2,599
025530 SJM홀딩스 3,340 14,934,008 7.61 0.29 2.99 499
026940 부국철강 3,950 20,000,000 9.75 0.65 1.90 790
027410 BGF 5,030 95,716,791 10.46 0.31 2.19 4,815
028260 삼성물산 113,000 186,887,081 12.86 0.63 2.04 21조1,182
029460 케이씨 21,350 13,554,044 7.45 0.44 1.40 2,894
029780 삼성카드 32,850 115,858,891 8.10 0.47 5.48 3조8,060
030200 KT 29,700 261,111,808 7.59 0.48 4.55 7조7,550
030210 KTB투자증권 6,130 60,314,092 2.64 0.50 2.45 3,697
030530 원익홀딩스 4,895 77,237,981 3.93 0.39 0 3,781
030610 교보증권 8,300 64,653,296 3.34 0.38 5.42 5,366
031310 아이즈비전 3,950 16,439,898 2.87 0.49 0 649
031510 오스템 2,255 28,000,000  0.51 1.33 631
032190 다우데이타 13,400 38,300,000 3.43 0.56 1.87 5,132
032560 황금에스티 8,180 16,000,000 5.06 0.45 1.07 1,309
032750 삼진 9,650 6,000,000 5.38 0.62 2.07 579
032830 삼성생명 65,400 200,000,000 8.36 0.31 3.82 13조800
900270 헝셩그룹 426 80,000,000  0.11 0 341
900300 오가닉티코스메틱 652 120,337,029  0.18 0 785
900310 컬러레이 1,405 54,000,000 3.12 0.35 0 759
900340 윙입푸드 1,090 47,973,428 2.35 0.34 0.93 523