000050 경방 11,300 27,415,270 15.89 0.37 1.11 3,098
000070 삼양홀딩스 62,600 8,564,271 3.47 0.27 4.79 5,361
000120 CJ대한통운 86,100 22,812,344 10.77 0.48 0 19,641
000140 하이트진로홀딩스 10,150 23,206,765 5.53 0.41 4.43 2,355
000150 두산 87,600 16,523,835 999 0.69 2.28 14,475
000180 성창기업지주 1,890 69,751,600 999 0.23 0 1,318
000210 DL 62,700 20,955,884 8.44 0.35 3.03 13,139
000240 한국앤컴퍼니 12,650 94,935,240 5.31 0.31 4.74 12,009
000320 노루홀딩스 10,250 13,291,151 40.67 0.29 4.39 1,362
000370 한화손해보험 3,670 116,738,915 2.46 2.25 0 4,284
000390 삼화페인트 6,230 27,203,469 23.42 0.48 1.61 1,695
000400 롯데손해보험 1,515 310,336,320 5.19 0.63 0 4,702
000480 조선내화 77,000 4,000,000 9.63 0.37 5.84 3,080
000490 대동 11,450 23,932,354 6.14 0.63 0.70 2,740
000500 가온전선 17,700 4,160,347 7.54 0.31 1.94 736
000540 흥국화재 2,980 64,242,645 1.86 0.31 0 1,914
000590 CS홀딩스 56,300 1,154,482 3.72 0.24 0.89 650
000640 동아쏘시오홀딩스 102,000 6,348,913 13.22 0.66 1.47 6,476
000680 LS네트웍스 2,620 78,803,016 6.08 0.34 0 2,065
000670 영풍 626,000 1,842,040 6.44 0.30 1.60 11,531
000720 현대건설 37,250 111,355,765 7.35 0.55 1.61 41,480
000810 삼성화재 200,500 47,374,837 8.78 0.77 5.99 94,987
000850 화천기공 31,350 2,200,000 5.70 0.22 3.19 690
000860 강남제비스코 21,000 6,500,000 999 0.23 2.38 1,365
000880 한화 26,800 74,958,735 2.51 0.91 2.80 289
000950 전방 70,200 1,680,000 41.42 0.54 0 1,179
000970 한국주철관 6,900 22,800,500 3.13 0.43 5.80 1,573
001040 CJ 73,400 29,176,998 8.08 0.46 3.13 21,416
001080 만호제강 35,400 4,150,000 23.09 0.44 0.71 1,469
001120 LX인터내셔널 41,700 38,760,000 3.08 0.71 5.52 16,163
001130 대한제분 131,500 1,690,000 13.28 0.24 1.90 2,222
001200 유진투자증권 2,335 96,866,418 3.53 0.22 6.00 2,262
001230 동국제강 11,800 95,432,737 1.42 0.36 3.39 11,261
001270 부국증권 18,100 10,369,886 3.88 0.23 8.84 1,877
001290 상상인증권 835 108,337,120 33.40 0.37 0 905
001430 세아베스틸지주 17,550 35,862,119 3.58 0.33 8.55 6,294
001450 현대해상 33,850 89,400,000 5.53 0.61 4.37 3262
001500 현대차증권 9,260 31,712,562 3.19 0.29 8.64 2,937
001510 SK증권 664 472,590,171 17.95 0.43 2.26 3,138
001520 동양 1,015 238,684,063 84.58 0.25 3.94 2,423
001630 종근당홀딩스 53,000 5,009,861 115.72 0.49 2.64 2,655
001680 대상 21,200 34,648,025 5.83 0.60 3.77 7,345
001720 신영증권 55,100 9,386,237 34.98 0.32 7.26 5,172
001740 SK네트웍스 4,045 248,187,647 20.64 0.39 2.97 139
001750 한양증권 8,630 12,728,534 2.22 0.24 10.43 1,098
001790 대한제당 2,525 89,696,580 21.58 0.47 4.36 2,265
001800 오리온홀딩스 14,300 62,645,422 8.93 0.40 4.55 8,958
001810 무림SP 2,660 22,137,500 999 0.28 0.94 589
001880 DL건설 13,400 22,053,284 2.88 0.32 5.60 2,955
001940 KISCO홀딩스 12,850 16,176,380 2.36 0.18 3.11 2,079
002020 코오롱 22,450 12,626,426 2.59 0.34 2.45 2,835
002030 아세아 113,500 2,191,024 2.62 0.22 2.64 2,487
002140 고려산업 4,700 24,939,425 999 1.11 0.85 1,172
002170 삼양통상 50,500 3,000,000 13.33 0.35 2.47 1,515
002200 한국수출포장 25,700 4,000,000 6.31 0.36 2.72 1,028
002220 한일철강 3,015 26,697,460 5.81 0.42 1.66 805
002230 피에스텍 3,430 19,669,243 47.64 0.43 4.37 675
002240 고려제강 18,350 23,000,000 3.04 0.26 1.63 4,220
002310 아세아제지 36,350 8,956,502 3.78 0.43 2.48 3,256
002320 한진 19,650 14,947,628 73.05 0.23 3.05 2,937
002350 넥센타이어 7,740 97,667,877 999 0.51 1.36 7,559
002390 한독 16,200 13,763,533 999 0.62 2.16 2,230
002450 삼익악기 1,200 90,530,915 999 0.35 4.17 1,086
002460 화성산업 11,150 10,150,000 4.63 0.30 8.97 1,132
002690 동일제강 2,320 20,300,360 4.67 0.29 0.86 471
002810 삼영무역 12,850 18,466,948 6.13 0.53 4.28 2,373
002920 유성기업 2,660 25,947,500 12.37 0.25 4.51 690
002990 금호건설 6,240 36,953,595 2.39 0.40 12.82 2,306
003010 혜인 6,500 12,712,747 21.38 0.63 2.00 826
003030 세아제강지주 139,500 4,141,657 2.52 0.40 1.25 5,778
003080 성보화학 3,020 20,020,000 9.35 0.42 3.97 605
003200 일신방직 108,500 2,400,000 4.86 0.31 2.77 2,604
003240 태광산업 710,000 1,113,400 4.66 0.16 0.25 7,905
003300 한일홀딩스 10,150 30,832,884 4.76 0.22 5.06 3,130
003380 하림지주 7,070 112,005,621 2.11 0.27 1.41 7,919
003460 유화증권 2,315 56,702,415 30.46 0.27 5.62 1,313
003470 유안타증권 2,420 199,596,576 53.78 0.32 7.44 4,830
003530 한화투자증권 2,480 214,547,775 6.08 0.30 8.06 5,321
003540 대신증권 13,950 50,773,400 4.14 0.34 10.04 7,083
003550 LG 81,400 157,300,993 5.59 0.51 3.44 128,043
003570 SNT중공업 8,810 33,252,697 23.75 0.30 4.54 2,930
003610 방림 7,440 42,314,090 75.15 1.38 0.61 3,148
003650 미창석유 73,900 1,739,672 4.88 0.36 3.38 1,286
003690 코리안리 7,320 120,369,116 8.15 0.28 7.17 8,811
003830 대한화섬 99,200 1,328,000 4.64 0.16 0.76 1,317
003960 사조대림 23,800 9,164,467 3.41 0.38 1.26 2,181
004020 현대제철 28,950 133,445,785 1.99 0.20 3.45 38,633
004150 한솔홀딩스 3,215 42,008,577 4.11 0.25 3.73 1,351
004170 신세계 216,000 9,845,181 5.26 0.55 1.39 21,266
004360 세방 17,050 19,308,690 6.86 0.40 1.17 3,292
004450 삼화왕관 35,400 2,154,379 999 0.46 3.53 763
004540 깨끗한나라 2,940 37,240,693 19.34 0.47 0 1,095
004560 현대비앤지스틸 10,550 15,078,811 2.08 0.30 0.95 1,591
004590 한국가구 4,420 15,000,000 3.10 0.50 3.96 663
004690 삼천리 278,000 4,055,025 15.01 0.67 1.08 11,273
004780 대륙제관 4,350 15,903,199 10.16 0.55 2.30 692
004800 효성 69,800 21,071,025 4.91 0.53 9.31 14,708
004960 한신공영 9,040 11,570,702 2.30 0.15 3.87 1,046
004970 신라교역 11,200 16,000,000 3.49 0.31 4.46 1,792
004980 성신양회 10,450 24,516,073 15.04 0.63 1.91 2,562
004990 롯데지주 33,700 104,909,237 10.60 0.34 4.45 35,354
005010 휴스틸 5,510 39,188,075 2.53 0.31 2.64 2,159
005160 동국산업 5,010 54,244,482 19.20 0.64 2.60 2,718
005380 현대차 164,500 213,668,187 7.30 0.53 3.04 351,484
005440 현대그린푸드 6,540 97,704,482 13.77 0.31 3.21 6,390
005490 POSCO홀딩스 254,500 84,571,230 3.07 0.36 6.68 215,234
005680 삼영전자 9,810 20,000,000 10.61 0.38 3.06 1,962
005710 대원산업 5,530 20,037,600 1.80 0.26 2.26 1,108
005720 넥센 3,975 53,543,977 52.30 0.20 2.52 2,128
005740 크라운해태홀딩스 6,130 14,847,347 15.84 0.31 1.63 910
005800 신영와코루 11,700 9,000,000 12.07 0.32 1.28 1,053
005810 풍산홀딩스 25,750 10,409,528 2.61 0.26 5.44 2,680
005820 원림 20,500 2,297,970 8.24 0.38 1.22 471
005830 DB손해보험 56,300 70,800,000 4.15 0.62 6.22 39,860
005880 대한해운 1,970 319,177,460 2.18 0.40 0 6,288
005940 NH투자증권 9,020 331,665,921 4.64 0.44 11.64 29,916
005960 동부건설 7,100 22,874,450 1.60 0.29 12.68 1,624
005990 매일홀딩스 8,430 13,718,304 10.49 0.32 1.78 1,156
006040 동원산업 235,500 3,677,641 4.15 0.51 2.12 8,661
006090 사조오양 7,750 9,422,739 4.35 0.36 2.58 730
006120 SK디스커버리 29,850 19,037,855 2.97 0.23 5.03 5,683
006200 한국전자홀딩스 1,205 46,803,136 2.16 0.38 0 564
006220 제주은행 7,800 32,128,774 17.14 0.50 1.28 2,506
006260 LS 69,500 32,200,000 6.97 0.52 2.09 22,379
006360 GS건설 22,800 85,581,490 4.03 0.40 5.70 19,513
006650 대한유화 127,000 6,500,000 999 0.40 2.76 8,255
006800 미래에셋증권 6,450 615,316,408 5.23 0.38 4.65 39,688
006880 신송홀딩스 7,770 11,828,858 19.38 0.88 1.54 919
007070 GS리테일 26,200 104,717,922 3.39 0.67 4.58 27,436
007160 사조산업 41,900 5,000,000 3.68 0.44 0.72 2,095
007330 푸른저축은행 12,900 15,082,800 14.86 0.53 5.04 1,946
007540 샘표 49,150 2,875,800 14.02 0.56 0.41 1,413
007590 동방아그로 6,380 13,617,577 12.79 0.50 5.49 869
007680 대원 7,180 13,446,474 3.83 0.29 4.18 965
007690 국도화학 43,350 9,010,616 2.55 0.44 5.07 3,906
007700 F&F홀딩스 13,950 39,114,367 4.88 0.28 1.22 5,456
007770 한일화학 21,350 3,510,000 2.92 0.64 0.56 749
007860 서연 5,230 23,479,844 2.92 0.22 1.91 1,228
008110 대동전자 12,900 10,490,447 14.02 0.62 1.94 1,353
008250 이건산업 7,650 10,952,635 17.04 0.40 2.61 838
008370 원풍 4,730 12,000,000 6.90 0.65 3.59 568
008420 문배철강 3,510 20,503,505 3.31 0.45 2.14 720
008470 부스타 5,120 8,404,800 150.59 0.52 1.17 430
008870 금비 58,500 1,000,000 999 0.47 2.73 585
009070 KCTC 4,135 30,000,000 4.46 0.52 1.45 1,240
009140 경인전자 24,600 1,570,797 8.17 0.49 1.02 386
009270 신원 1,550 102,586,356 6.71 0.54 3.23 1,590
009290 광동제약 6,020 52,420,851 12.09 0.49 1.66 3,156
009300 삼아제약 14,600 6,370,000 12.36 0.51 1.71 930
009410 태영건설 4,310 38,899,098 3.31 0.24 8.12 1,677
009440 KC그린홀딩스 2,520 22,434,980 999 0.37 2.78 565
009580 무림P&P 4,880 62,368,324 13.30 0.49 2.56 3,044
009680 모토닉 7,690 33,000,000 14.85 0.40 5.20 2,538
009770 삼정펄프 25,350 2,499,971 7.38 0.30 3.94 634
009830 한화솔루션 49,100 191,278,497 27.02 1.06 0 93,918
009970 영원무역홀딩스 53,600 13,635,592 2.32 0.34 3.73 7,309
010040 한국내화 2,840 41,067,062 34.22 0.42 1.23 1,166
010100 한국프랜지 2,470 30,450,420 3.68 0.28 3.64 752
010400 우진아이엔에스 5,470 7,622,000 999 0.39 1.83 417
010660 화천기계 4,500 22,000,000 16.92 0.71 0.22 990
010960 삼호개발 3,915 25,000,000 7.07 0.40 4.85 979
011170 롯데케미칼 155,000 34,275,419 10.34 0.36 5.36 53,127
011210 현대위아 60,400 27,195,083 7.26 0.45 1.16 16,426
011370 서한 1,035 100,894,865 2.16 0.27 3.87 1,044
011560 세보엠이씨 7,570 10,530,000 3.93 0.44 3.30 797
011760 현대코퍼레이션 16,400 13,228,966 3.05 0.47 3.66 2,170
012030 DB 760 201,173,933 7.52 0.41 0 1,529
012160 영흥 709 101,310,372 6.39 0.29 0 718
012200 계양전기 2,665 32,600,000 999 0.49 1.31 869
012320 경동인베스트 75,600 2,365,023 10.03 0.37 0.99 1,788
012330 현대모비스 217,000 94,285,094 8.65 0.54 1.84 204,599
012620 원일특강 9,900 4,400,000 2.46 0.30 2.53 436
012630 HDC 5,620 59,741,721 22.57 0.13 4.45 3,357
012700 리드코프 7,650 26,446,135 4.73 0.44 10.46 2,023
012800 대창 1,305 91,140,499 6.33 0.40 2.30 1,189
012860 모베이스전자 1,350 71,995,067 22.50 0.53 0 972
013030 하이록코리아 21,450 13,613,232 10.97 0.77 2.33 2,920
013120 동원개발 3,560 90,808,100 4.76 0.33 4.21 3,233
013310 아진산업 2,775 38,806,582 5.41 0.45 0 1,077
013580 계룡건설 17,600 8,930,907 1.36 0.22 4.55 1,572
013870 지엠비코리아 4,880 19,072,280 5.32 0.36 1.64 931
014100 메디앙스 2,945 11,800,000 999 0.41 0 348
014440 영보화학 3,355 20,000,000 13.98 0.42 2.98 671
014530 극동유화 3,610 34,869,420 7.85 0.64 4.43 1,259
014710 사조씨푸드 4,810 17,218,543 7.92 0.35 1.25 828
014790 HLD&I 2,925 37,858,601 1.40 0.32 3.42 1,107
015230 대창단조 6,600 28,572,230 5.66 0.73 2.05 1,886
015360 예스코홀딩스 31,650 6,000,000 42.43 0.28 7.11 1,899
015750 성우하이텍 5,340 80,000,000 7.16 0.35 1.50 4,272
015860 일진홀딩스 4,170 49,347,483 9.35 0.45 3.60 2,058
015890 태경산업 6,640 29,228,750 8.22 0.70 4.07 1,941
016090 대현 2,155 44,282,310 4.10 0.42 4.18 954
016250 SGC이테크건설 35,850 2,599,445 1.17 0.37 3.26 932
016360 삼성증권 32,100 89,300,000 4.09 0.47 11.84 28,665
016450 한세예스24홀딩스 4,665 40,000,000 4.79 0.41 5.36 1,866
016590 신대양제지 82,800 4,029,782 6.56 0.57 1.51 3,337
016610 DB금융투자 4,060 42,446,389 2.82 0.18 12.31 1,723
016740 두올 2,365 33,066,680 8.86 0.39 3.38 782
016800 퍼시스 27,500 11,500,000 28.77 0.54 4.00 3,162
017480 삼현철강 4,630 15,702,890 3.41 0.39 6.48 727
017650 대림제지 8,270 9,000,000 3.48 0.34 1.21 744
017890 한국알콜 10,550 21,605,760 6.07 0.49 0.95 2,279
017900 광전자 2,115 57,943,763 6.08 0.48 2.36 1,226
017940 E1 42,700 6,860,000 3.42 0.18 5.15 2,929
018670 SK가스 115,000 9,230,244 4.52 0.46 4.43 1615
019010 베뉴지 2,185 48,200,000 4.41 0.31 1.37 1,053
019180 티에이치엔 3,795 18,000,000 4.60 0.68 1.32 683
019440 세아특수강 24,200 8,570,000 7.78 0.61 4.96 2,074
020000 한섬 25,450 24,630,000 5.04 0.44 2.36 6,268
020400 대동금속 9,140 3,189,166 20.68 0.65 0.66 291
021050 서원 1,305 47,474,590 5.48 0.44 1.15 620
021320 KCC건설 5,920 21,400,000 7.10 0.27 3.04 1,267
021820 세원정공 8,090 10,000,000 999 0.18 0.31 809
023000 삼원강재 2,555 40,000,000 10.65 0.46 4.11 1,022
023160 태광 17,150 26,500,000 15.42 0.98 0.58 4,545
023350 한국종합기술 7,360 10,950,000 7.08 0.53 1.36 806
023410 유진기업 3,445 77,310,863 3.99 0.27 4.93 2,663
023460 CNH 2,350 37,200,000 999 0.82 0.85 874
023590 다우기술 18,200 44,866,617 2.89 0.38 3.30 8,166
023600 삼보판지 10,050 16,170,000 3.40 0.34 1.74 1,625
023760 한국캐피탈 726 315,609,576 3.20 0.52 4.82 2,291
024110 기업은행 10,450 744,300,587 3.43 0.29 7.46 77,779
024120 KB오토시스 3,900 11,500,000 999 0.44 3.08 448
024720 한국콜마홀딩스 13,950 18,576,719 11.95 0.44 1.76 2,591
024800 유성티엔에스 2,400 31,278,618 1.76 0.21 0 751
025000 KPX케미칼 47,750 4,840,000 6.80 0.39 5.76 2,311
025530 SJM홀딩스 3,795 14,934,008 15.68 0.33 4.61 567
025560 미래산업 8,740 4,452,007 4.32 0.41 0 389
026940 부국철강 3,290 20,000,000 7.28 0.53 2.28 658
027410 BGF 3,365 95,716,791 6.53 0.21 3.27 3,221
028260 삼성물산 120,000 186,887,081 14.29 0.77 3.50 224,264
029460 케이씨 15,700 13,554,044 2.92 0.29 1.91 2,128
029530 신도리코 32,400 10,080,029 2.65 0.30 4.63 3,266
029780 삼성카드 30,600 115,858,891 6.06 0.43 7.52 35,453
030200 KT 35,750 261,111,808 6.49 0.55 5.34 93,347
030210 다올투자증권 3,090 60,314,092 1.40 0.29 8.09 1,864
030530 원익홀딩스 3,280 77,237,981 3.37 0.25 0 2,533
030610 교보증권 5,250 64,653,296 3.56 0.23 9.52 3,394
031310 아이즈비전 2,480 16,439,898 31.79 0.32 0 408
031510 오스템 1,485 28,000,000 999 0.37 1.35 416
032190 다우데이타 16,150 38,300,000 6.20 0.63 1.86 6,185
032560 황금에스티 7,320 17,000,000 3.27 0.40 2.57 1,244
032640 LG유플러스 11,400 436,611,361 7.78 0.62 4.82 49,774
032750 삼진 7,090 7,200,000 5.33 0.54 1.17 510
032830 삼성생명 67,600 200,000,000 18.53 0.55 4.44 135,200
032940 원익 3,085 18,193,230 2.86 0.25 0 561
033160 엠케이전자 10,200 21,807,689 11.86 0.52 1.47 2,224
033920 무학 4,905 28,500,000 999 0.28 4.69 1,398
034220 LG디스플레이 13,150 357,815,700 22.36 0.36 4.94 47,053
034300 신세계건설 16,400 4,000,000 4.21 0.30 5.18 656
034590 인천도시가스 27,350 4,374,754 10.16 0.57 4.57 1,196
034810 해성산업 10,200 26,356,298 12.99 0.35 1.72 2,688
034830 한국토지신탁 1,385 252,489,230 3.24 0.31 7.22 3,497
035000 지투알 6,000 16,567,409 5.74 0.60 5.83 994
035610 솔본 3,575 27,345,997 999 0.61 0 978
035760 CJENM 75,700 21,929,154 23.42 0.44 2.77 16,600
035810 이지홀딩스 2,915 65,145,845 15.76 0.33 1.72 1,899
035890 서희건설 1,150 229,808,457 2.52 0.36 4.35 2,643
036170 클라우드에어 946 61,365,626 8.02 0.50 0 581
036190 금화피에스시 29,000 6,000,000 7.51 0.60 4.48 1,740
036460 한국가스공사 35,300 92,313,000 2.37 0.31 7.73 32,586
036530 SNT홀딩스 14,500 16,303,886 4.95 0.22 4.83 2,364
036560 영풍정밀 11,550 15,750,000 13.29 0.59 3.03 1,819
036580 팜스코 3,795 36,727,943 999 0.50 2.63 1,394
036830 솔브레인홀딩스 23,500 20,964,056 8.66 0.43 0.64 4,927
037330 인지디스플레 1,670 43,885,224 999 0.38 2.99 733
037350 성도이엔지 4,885 15,470,000 3.91 0.26 3.07 756
037400 우리엔터프라이즈 2,355 26,223,346 3.06 0.53 0 618
037460 삼지전자 8,250 16,318,522 3.91 0.46 4.85 1,346
037560 LG헬로비전 4,600 77,446,865 11.36 0.54 2.39 3,563
037710 광주신세계 31,550 8,000,000 4.42 0.33 5.39 2,524
038010 제일테크노스 7,220 9,000,000 14.59 0.77 0.69 650
038110 에코플라스틱 3,145 34,169,370 6.94 0.73 1.59 1,075
038950 파인디지털 4,530 10,210,765 999 0.42 1.10 463
039310 세중 2,510 18,121,667 10.20 0.51 0 455
039490 키움증권 79,700 26,219,513 3.45 0.51 4.39 2897
039610 화성밸브 5,530 10,410,400 18.68 0.73 0 576
039980 리노스 939 45,713,596 55.24 0.58 0 429
040300 YTN 6,340 42,000,000 4.89 1.09 0.79 2,663
040610 SG&G 1,715 34,087,196 5.59 0.20 0 585
041520 이라이콤 5,490 12,188,730 999 0.33 5.46 669
041650 상신브레이크 2,740 21,471,450 13.50 0.29 2.92 588
042420 네오위즈홀딩스 24,650 8,856,866 999 0.46 2.81 2,183
042670 현대두산인프라코어 5,890 197,763,411 2.36 0.76 0 11,648
043370 피에이치에이 6,170 21,000,000 6.57 0.19 2.92 1,296
043650 국순당 6,640 17,858,304 9.64 0.44 3.92 1,186
044490 태웅 10,150 20,007,381 24.00 0.43 0 2,031
044780 에이치케이 1,755 18,505,787 8.65 0.57 2.28 325
044820 코스맥스비티아이 7,660 9,603,921 11.33 0.23 3.39 736
045060 오공 3,200 16,941,974 6.44 0.55 1.56 542
045100 한양이엔지 13,600 18,000,000 4.49 0.54 4.04 2,448
047040 대우건설 4,460 415,622,638 4.42 0.53 0 18,537
049430 코메론 10,200 9,048,000 6.17 0.49 1.96 923
049830 승일 12,100 6,132,112 29.44 0.49 1.40 742
050120 ES큐브 4,085 13,564,086 5.46 0.51 0 554
050860 아세아텍 2,690 22,500,000 5.14 0.47 1.86 605
051390 YW 3,370 11,355,368 15.60 0.39 2.97 383
052790 액토즈소프트 6,510 11,330,638 4.53 0.34 0 738
053210 스카이라이프 8,300 47,821,966 6.97 0.48 4.22 3,969
053280 예스24 5,190 25,000,000 58.31 0.62 3.85 1,298
053620 태양 7,970 8,600,000 11.70 0.37 1.88 685
053700 삼보모터스 5,940 19,009,551 6.53 0.43 0.84 1,129
054040 한국컴퓨터 3,740 16,071,290 3.67 0.49 4.81 601
054050 농우바이오 8,180 16,030,561 18.94 0.53 2.44 1,311
054540 삼영엠텍 4,205 13,000,000 999 0.75 1.66 547
054800 아이디스홀딩스 11,150 10,347,756 7.37 0.44 1.79 1,154
054930 유신 57,200 3,000,000 12.01 1.69 1.31 1,716
055550 신한지주 36,450 512,934,131 4.53 0.41 5.38 186,964
056360 코위버 6,850 9,796,800 9.24 0.50 1.02 671
057050 현대홈쇼핑 45,200 12,000,000 5.71 0.27 5.31 5,424
058650 세아홀딩스 103,500 4,000,000 4.66 0.19 2.66 4,140
058850 KTcs 2,180 42,685,000 5.94 0.48 4.59 931
058860 KTis 2,485 34,802,000 3.11 0.41 4.02 865
060980 HL홀딩스 31,600 10,472,070 5.99 0.30 6.33 3,309
064800 젬백스링크 1,015 83,747,117 4.74 0.46 1.97 850
065690 파커스 2,300 14,049,331 8.88 0.43 6.52 323
066620 국보디자인 17,650 7,500,000 6.55 0.67 1.93 1,324
066900 디에이피 2,675 22,744,503 4.79 0.39 0 608
067830 세이브존I&C 2,625 41,040,895 24.53 0.22 1.14 1,077
068790 DMS 4,740 24,573,061 3.36 0.40 2.11 1,165
069730 DSR제강 4,700 14,400,000 3.82 0.41 0.85 677
069960 현대백화점 55,300 23,402,441 6.06 0.27 1.99 12,942
070960 용평리조트 3,065 48,133,333 999 0.39 0 1,475
071050 한국금융지주 49,700 55,725,992 2.09 0.38 12.37 27,696
071090 하이스틸 3,635 20,191,471 7.77 0.50 1.10 734
071320 지역난방공사 26,200 11,578,744 999 0.19 3.04 3,034
072470 우리산업홀딩스 4,545 18,887,341 999 0.67 0.77 858
072710 농심홀딩스 61,800 4,637,790 5.67 0.27 3.24 2,866
072870 메가스터디 10,950 11,920,959 4.95 0.43 5.48 1,305
072950 빛샘전자 5,850 6,230,859 10.09 0.54 1.71 364
073560 우리손에프앤지 1,730 69,237,643 4.65 0.48 2.89 1,198
075130 플랜티넷 2,650 16,622,320 10.15 0.59 4.07 440
075180 새론오토모티브 4,800 19,200,000 8.86 0.38 2.92 922
078000 텔코웨어 8,620 9,702,706 37.97 0.46 5.80 836
078020 이베스트투자증권 5,100 55,481,190 3.60 0.37 11.77 2,830
078930 GS 46,750 92,915,378 2.00 0.38 4.28 43,438
079000 와토스코리아 5,680 7,200,000 9.78 0.53 3.52 409
079430 현대리바트 8,500 20,535,282 26.90 0.35 1.18 1,745
079960 동양이엔피 12,700 7,860,000 6.68 0.37 2.36 998
079980 휴비스 4,930 34,500,000 999 0.37 6.09 1,701
080010 이상네트웍스 5,690 10,000,000 7.48 0.52 1.58 569
080520 오디텍 5,250 11,746,609 83.33 0.45 1.90 617
081580 성우전자 2,895 15,508,143 4.18 0.39 1.73 449
082640 동양생명 5,130 161,358,585 3.64 0.37 12.09 8,278
083550 케이엠 5,590 11,251,616 11.62 0.45 1.20 629
084010 대한제강 12,500 24,646,734 2.18 0.36 3.20 3,081
084110 휴온스글로벌 18,000 12,621,492 999 0.41 2.65 2,272
084690 대상홀딩스 7,110 36,212,538 3.96 0.35 3.38 2,575
085620 미래에셋생명 2,665 177,016,189 4.98 0.28 3.75 4,717
086790 하나금융지주 41,300 295,903,476 3.53 0.34 7.51 122,208
087600 픽셀플러스 9,150 8,166,558 11.60 0.67 0 747
088130 동아엘텍 6,390 10,662,938 999 0.38 2.35 681
088350 한화생명 2,200 868,530,000 1.82 0.22 0 19,108
088790 진도 2,615 12,447,744 7.65 0.32 1.53 326
089470 HDC현대EP 3,925 31,900,000 31.40 0.37 3.57 1,252
090350 노루페인트 7,880 20,000,000 9.28 0.45 3.49 1,576
091340 S&K폴리텍 3,725 11,703,721 14.61 0.43 6.71 436
091590 남화토건 6,640 11,740,000 5.63 0.51 2.26 780
092230 KPX홀딩스 52,900 4,224,646 6.28 0.25 5.67 2,235
092440 기신정기 3,430 29,200,000 13.14 0.40 4.37 1,002
092780 동양피스톤 4,300 13,168,460 28.67 0.48 1.39 566
093050 LF 15,050 29,240,000 3.25 0.31 3.99 4,401
093190 빅솔론 7,960 19,238,905 6.69 0.73 3.14 1,531
093380 풍강 3,675 9,879,313 8.31 0.52 2.72 363
093920 서원인텍 5,710 18,600,000 3.49 0.56 6.13 1,062
094840 슈프리마에이치큐 5,320 10,471,840 5.25 0.30 0 557
100220 비상교육 5,850 12,996,741 16.71 0.36 3.76 760
100250 진양홀딩스 3,000 55,895,292 4.03 0.45 5.67 1,677
100840 SNT에너지 20,300 7,506,711 29.21 0.54 3.94 1,524
101330 모베이스 2,940 23,958,188 2.98 0.23 0 704
101530 해태제과식품 5,880 29,116,822 999 0.60 3.40 1,712
102260 동성케미컬 4,420 49,689,728 9.40 0.61 4.53 2,196
103140 풍산 26,550 28,024,278 3.26 0.41 3.77 7,440
103590 일진전기 4,700 37,080,390 9.51 0.52 2.13 1,743
104480 티케이케미칼 3,115 90,895,434 0.62 0.31 0 2,831
104700 한국철강 5,940 42,450,000 3.17 0.31 4.21 2,522
105560 KB금융 47,300 408,897,068 4.18 0.39 6.22 193,408
108380 대양전기공업 12,600 9,567,333 74.56 0.53 0.79 1,205
108670 LX하우시스 32,750 8,967,670 999 0.40 0.92 2,937
111110 호전실업 7,520 9,749,984 3.38 0.57 3.32 733
114630 폴라리스우노 918 60,775,284 7.52 0.59 0 558
115310 인포바인 21,450 3,192,883 13.42 0.47 4.20 685
115390 락앤락 6,150 50,200,444 22.45 0.44 0 3,087
120110 코오롱인더 44,100 27,519,091 6.99 0.53 2.95 12,136
121440 골프존뉴딘홀딩스 5,420 42,836,818 1.50 0.36 2.58 2,322
123410 코리아에프티 2,690 27,841,064 999 0.54 2.23 749
123700 SJM 3,420 15,604,898 11.63 0.29 4.39 534
123890 한국자산신탁 2,905 123,977,752 3.28 0.40 7.57 3,602
126560 현대퓨처넷 2,690 110,202,945 3.78 0.38 3.35 2,964
126640 화신정공 1,575 36,373,887 13.58 0.55 1.90 573
127710 아시아경제 1,585 34,904,082 1.47 0.33 0 553
129260 인터지스 2,765 29,747,874 2.93 0.35 3.62 823
130740 티피씨글로벌 3,000 11,276,679 999 0.54 1.00 338
136490 선진 8,090 23,779,604 7.03 0.44 1.24 1,924
138070 신진에스엠 2,860 17,503,204 7.90 0.65 2.15 501
138930 BNK금융지주 6,450 325,935,246 2.54 0.22 8.68 21,023
139130 DGB금융지주 6,750 169,145,833 2.24 0.22 9.33 11,417
139480 이마트 86,000 27,875,819 1.37 0.21 2.33 23,973
140910 에이리츠 4,130 4,463,032 999 0 0 184
145270 케이탑리츠 885 48,060,774 999 0 0 425
145990 삼양사 37,000 10,313,449 8.99 0.29 3.38 3,816
155660 DSR 4,860 16,000,000 4.33 0.41 1.03 778
161000 애경케미칼 9,610 48,648,709 5.05 0.63 5.72 4,675
161390 한국타이어앤테크놀로지 35,300 123,875,069 6.41 0.50 1.98 43,728
163560 동일고무벨트 6,450 13,900,000 23.45 0.44 1.24 897
175330 JB금융지주 7,220 196,982,894 2.59 0.33 8.30 14,222
181710 NHN 23,200 36,017,198 11.91 0.46 0 8,356
183190 아세아시멘트 9,360 38,958,090 4.70 0.40 2.40 3,646
190650 코리아에셋투자증권 7,570 6,388,000 3.89 0.53 9.25 484
192400 쿠쿠홀딩스 16,250 35,562,185 4.52 0.54 4.31 5,779
192440 슈피겐코리아 32,950 6,216,363 5.84 0.51 2.55 2,048
198080 엔피디 2,030 21,535,185 61.52 0.46 0 437
200880 서연이화 7,230 27,028,437 5.79 0.28 2.08 1,954
210540 디와이파워 11,200 11,041,708 6.06 0.53 2.68 1,237
212560 네오오토 6,760 7,874,963 7.25 0.57 1.04 532
213500 한솔제지 13,700 23,800,576 7.10 0.45 4.38 3,261
221980 케이디켐 12,800 4,034,800 6.73 0.54 3.91 516
227840 현대코퍼레이션홀딩스 10,300 9,100,836 5.35 0.42 4.85 937
237750 피앤씨테크 5,320 6,496,600 12.12 0.52 0 346
264900 크라운제과 8,320 12,523,850 4.67 0.60 3.01 1,042
267270 현대건설기계 44,850 19,700,793 11.60 0.60 2.68 8,836
267290 경동도시가스 23,050 5,895,406 4.50 0.34 3.80 1,359
280360 롯데제과 130,500 9,434,574 25.34 0.65 1.23 12,312
282690 동아타이어 11,700 13,733,015 7.88 0.45 8.55 1,607
294870 HDC현대산업개발 10,250 65,907,330 999 0.24 5.85 6,756
298040 효성중공업 59,600 9,324,548 36.03 0.61 0 5,557
306200 세아제강 143,500 2,836,300 2.68 0.52 2.44 4,070
316140 우리금융지주 11,750 728,060,549 2.92 0.32 7.66 85,547
344820 KCC글라스 39,200 15,970,512 5.56 0.44 6.12 6,260
347740 피엔케이피부임상연구센타 3,140 30,010,576 15.62 1.44 1.19 942
363280 티와이홀딩스 10,600 50,929,268 4.31 0.27 0 5,398
375500 DL이앤씨 35,750 38,693,623 2.93 0.35 3.78 13,833
383800 LX홀딩스 8,700 76,280,690 2.79 0.43 0 6,636
402340 SK스퀘어 36,750 141,467,571 2.28 0.30 0 51,989
900070 글로벌에스엠 829 53,743,968 36.04 0.46 0 446
900120 씨케이에이치 271 160,900,398 5.21 0.08 0 436
900250 크리스탈신소재 796 95,891,039 11.21 0.20 0 763
900280 골든센츄리 538 205,404,288 10.35 0.32 0 1,105
900290 GRT 2,595 67,375,000 5.17 0.27 0 1,748
900310 컬러레이 819 64,041,675 2.50 0.18 0 524
900340 윙입푸드 974 47,973,428 2.42 0.27 0 467