000050 경방 13,150 27,415,270 11.79 0.43 0.95 3,605
000070 삼양홀딩스 75,000 8,564,271 3.27 0.33 4.00 6,423
000120 CJ대한통운 116,500 22,812,344 38.54 0.65 0 26,576
000140 하이트진로홀딩스 11,650 23,206,765 7.41 0.49 3.86 2,704
000150 두산 69,900 16,523,835 80.07 0.56 2.86 11,550
000180 성창기업지주 2,105 69,751,600  999 0 1,468
000210 DL 65,000 20,955,884 2.22 0.37 2.92 13,621
000240 한국앤컴퍼니 12,300 94,935,240 6.55 0.31 4.88 11,677
000320 노루홀딩스 11,150 13,291,151  999 4.04 1,482
000370 한화손해보험 5,010 116,738,915 4.05 0.76 0 5,849
000390 삼화페인트 7,040 27,203,469  999 1.42 1,915
000400 롯데손해보험 1,680 310,336,320 6.54 0.58 0 5,214
000480 조선내화 77,600 4,000,000 8.60 0.37 5.80 3,104
000490 대동 12,850 23,932,354 12.13 0.73 0.62 3,075
000500 가온전선 23,750 4,160,347 12.80 0.35 1.77 988
000540 흥국화재 3,315 64,242,645 2.26 0.33 0 2,130
000590 CS홀딩스 66,000 1,154,482 5.28 0.29 0.76 762
000640 동아쏘시오홀딩스 99,800 6,348,913 11.33 0.65 1.50 6,336
000680 LS네트웍스 3,060 78,803,016 4.91 0.40 0 2,411
000670 영풍 549,000 1,842,040 7.71 0.27 1.82 1113
000720 현대건설 42,150 111,355,765 11.31 0.65 1.42 46,936
000810 삼성화재 197,500 47,374,837 8.82 0.64 6.08 93,565
000850 화천기공 34,050 2,200,000 6.10 0.24 2.94 749
000860 강남제비스코 23,100 6,500,000  999 2.16 1,502
000880 한화 27,550 74,958,735 4.22 0.68 2.72 2651
000950 전방 57,000 1,680,000 55.18 0.44 0 958
000970 한국주철관 8,070 22,800,500 3.11 0.52 4.96 1,840
001040 CJ 79,800 29,176,998 9.32 0.52 2.88 23,283
001080 만호제강 24,000 4,150,000 11.23 0.30 0.83 996
001120 LX인터내셔널 32,800 38,760,000 2.87 0.63 7.01 12,713
001130 대한제분 142,500 1,690,000 2.88 0.27 1.75 2,408
001200 유진투자증권 2,900 96,866,418 3.78 0.28 4.83 2,809
001230 동국제강 13,250 95,432,737 1.59 0.42 3.02 12,645
001270 부국증권 22,300 10,369,886 4.16 0.30 7.18 2,312
001290 상상인증권 1,050 108,337,120 10.00 0.54 0 1,138
001430 세아베스틸지주 15,550 35,862,119 3.01 0.30 9.65 5,577
001450 현대해상 32,800 89,400,000 6.38 0.56 4.51 29,323
001500 현대차증권 10,650 31,712,562 3.87 0.36 7.51 3,377
001510 SK증권 761 472,590,171 14.92 0.53 1.97 3,596
001520 동양 1,195 238,684,063 29.15 0.30 3.35 2,852
001630 종근당홀딩스 59,800 5,009,861 23.77 0.55 2.34 2,996
001680 대상 21,800 34,648,025 5.93 0.64 3.67 7,553
001720 신영증권 55,900 9,386,237 10.30 0.31 7.16 5,247
001740 SK네트웍스 4,345 248,187,647 17.31 0.43 2.76 1784
001750 한양증권 11,100 12,728,534 2.13 0.34 8.11 1,413
001790 대한제당 3,080 89,696,580 23.69 0.59 3.57 2,763
001800 오리온홀딩스 15,050 62,645,422 10.40 0.43 4.32 9,428
001810 무림SP 2,855 22,137,500 34.82 0.30 0.88 632
001880 DL건설 21,200 22,053,284 3.89 0.52 3.54 4,675
001940 KISCO홀딩스 14,150 16,176,380 2.07 0.20 2.83 2,289
002020 코오롱 25,050 12,626,426 2.18 0.37 2.20 3,163
002030 아세아 124,000 2,191,024 2.70 0.25 2.42 2,717
002140 고려산업 5,310 24,939,425 25.78 1.21 0.75 1,324
002170 삼양통상 53,700 3,000,000 5.53 0.37 2.33 1,611
002200 한국수출포장 23,000 4,000,000 6.08 0.33 3.04 920
002220 한일철강 4,100 26,697,460 4.45 0.56 1.22 1,095
002230 피에스텍 4,195 19,669,243 16.20 0.53 3.58 825
002240 고려제강 21,000 23,000,000 3.44 0.31 1.43 4,830
002310 아세아제지 36,250 8,956,502 3.81 0.44 2.48 3,247
002320 한진 26,800 14,947,628  999 2.24 4,006
002350 넥센타이어 6,190 97,667,877  999 1.70 6,046
002390 한독 18,150 13,763,533 144.05 0.68 1.93 2,498
002450 삼익악기 1,595 90,530,915 4.33 0.48 3.13 1,444
002460 화성산업 17,400 10,150,000 6.25 0.50 5.75 1,766
002690 동일제강 3,300 20,300,360 5.86 0.40 0.61 670
002810 삼영무역 13,650 18,466,948 6.34 0.57 4.03 2,521
002920 유성기업 2,945 25,947,500 13.51 0.28 4.07 764
002990 금호건설 8,300 36,953,595 2.25 0.45 9.64 3,067
003010 혜인 7,790 12,712,747 18.07 0.76 1.67 990
003030 세아제강지주 154,500 4,141,657 3.04 0.49 1.13 6,399
003080 성보화학 3,635 20,020,000 15.40 0.51 3.30 728
003200 일신방직 103,000 2,400,000 3.72 0.30 2.91 2,472
003240 태광산업 899,000 1,113,400 3.64 0.20 0.19 19
003300 한일홀딩스 10,850 30,832,884 11.08 0.25 4.74 3,345
003380 하림지주 8,430 112,005,621 2.59 0.35 1.19 9,442
003460 유화증권 2,465 56,702,415 20.54 0.31 5.27 1,398
003470 유안타증권 2,885 199,596,576 8.77 0.39 6.24 5,758
003530 한화투자증권 3,335 214,547,775 5.81 0.39 6.00 7,155
003540 대신증권 15,450 50,773,400 2.29 0.40 9.06 7,844
003550 LG 81,100 157,300,993 4.59 0.52 3.45 127,571
003570 SNT중공업 8,380 33,252,697 29.00 0.29 4.77 2,787
003610 방림 3,460 42,314,090 28.83 0.65 1.30 1,464
003650 미창석유 80,300 1,739,672 4.06 0.40 3.11 1,397
003690 코리안리 8,810 120,369,116 7.44 0.36 5.96 1605
003830 대한화섬 107,500 1,328,000 5.21 0.16 0.70 1,428
003960 사조대림 24,950 9,164,467 3.69 0.42 1.20 2,287
004020 현대제철 34,100 133,445,785 2.63 0.25 2.93 45,505
004150 한솔홀딩스 3,500 42,008,577 6.63 0.28 3.43 1,470
004170 신세계 218,500 9,845,181 6.01 0.56 1.37 21,512
004360 세방 11,750 19,308,690 4.14 0.28 1.70 2,269
004450 삼화왕관 40,750 2,154,379  999 3.07 878
004540 깨끗한나라 3,625 37,240,693 18.88 0.59 0 1,350
004560 현대비앤지스틸 13,450 15,078,811 2.75 0.39 0.74 2,028
004590 한국가구 6,160 15,000,000 4.18 0.71 2.84 924
004690 삼천리 185,000 4,055,025 13.19 0.46 1.62 7,502
004780 대륙제관 4,800 15,903,199 10.37 0.62 2.08 763
004800 효성 76,700 21,071,025 3.98 0.60 8.48 16,161
004960 한신공영 12,100 11,570,702 2.99 0.21 2.89 1,400
004970 신라교역 10,700 16,000,000 4.74 0.31 4.67 1,712
004980 성신양회 9,740 24,516,073 25.23 0.60 2.05 2,388
004990 롯데지주 37,350 104,909,237 13.63 0.39 4.02 39,184
005010 휴스틸 4,010 39,188,075 2.94 0.25 3.99 1,571
005160 동국산업 2,995 54,244,482 10.02 0.39 4.34 1,625
005380 현대차 196,000 213,668,187 10.44 0.67 2.55 418,790
005440 현대그린푸드 7,730 97,704,482 17.10 0.37 2.72 7,553
005490 POSCO홀딩스 242,000 87,186,835 2.89 0.35 7.03 21992
005680 삼영전자 10,800 20,000,000 12.03 0.42 2.78 2,160
005710 대원산업 5,330 20,037,600 3.72 0.29 2.35 1,068
005720 넥센 3,615 53,543,977 27.18 0.18 2.77 1,936
005740 크라운해태홀딩스 7,200 14,847,347 8.98 0.36 1.39 1,069
005800 신영와코루 11,550 9,000,000 13.31 0.32 1.30 1,040
005810 풍산홀딩스 27,450 10,409,528 1.53 0.29 5.10 2,857
005820 원림 26,500 2,297,970 15.18 0.50 0.94 609
005830 DB손해보험 60,600 70,800,000 4.60 0.61 5.78 42,905
005880 대한해운 2,385 319,177,460 2.80 0.54 0 7,612
005940 NH투자증권 9,950 331,665,921 3.97 0.50 10.55 33,001
005960 동부건설 10,800 22,874,450 1.83 0.43 8.33 2,470
005990 매일홀딩스 9,000 13,718,304 2.89 0.34 1.67 1,235
006040 동원산업 224,500 3,677,641 4.71 0.51 2.23 8,256
006090 사조오양 9,070 9,422,739 6.32 0.43 2.20 855
006120 SK디스커버리 36,000 19,037,855 2.59 0.28 4.17 6,854
006200 한국전자홀딩스 1,455 46,803,136 2.67 0.48 0 681
006220 제주은행 5,520 32,128,774 10.57 0.35 1.81 1,774
006260 LS 58,900 32,200,000 5.46 0.45 2.46 18,966
006360 GS건설 29,800 85,581,490 6.41 0.54 4.36 25,503
006650 대한유화 127,000 6,500,000 10.09 0.39 2.76 8,255
006800 미래에셋증권 6,590 615,316,408 4.92 0.40 4.55 4549
006880 신송홀딩스 10,700 11,828,858 17.34 1.22 1.12 1,266
007070 GS리테일 24,550 104,717,922 3.05 0.64 4.89 25,708
007160 사조산업 43,600 5,000,000 4.77 0.47 0.69 2,180
007330 푸른저축은행 10,350 15,082,800 7.33 0.43 6.28 1,561
007540 샘표 52,700 2,875,800 16.02 0.60 0.38 1,516
007590 동방아그로 7,030 13,617,577 10.68 0.56 4.98 957
007680 대원 8,990 13,446,474 3.81 0.37 3.34 1,209
007690 국도화학 50,700 9,010,616 2.49 0.53 4.34 4,568
007700 F&F홀딩스 18,950 39,114,367 0.28 0.38 0.90 7,412
007770 한일화학 20,650 3,510,000 3.30 0.65 0.58 725
007860 서연 7,000 23,479,844 3.78 0.31 1.43 1,644
008110 대동전자 9,150 10,490,447 11.57 0.45 2.73 960
008250 이건산업 9,020 10,952,635 9.02 0.49 2.22 988
008370 원풍 4,975 12,000,000 9.64 0.72 3.42 597
008420 문배철강 3,755 20,503,505 2.86 0.49 2.00 770
008470 부스타 5,290 8,404,800 24.95 0.54 1.13 445
008870 금비 76,000 1,000,000  999 2.11 760
009070 KCTC 4,755 30,000,000 5.44 0.62 1.26 1,426
009140 경인전자 26,650 1,570,797 14.89 0.56 0.94 419
009270 신원 1,710 95,568,813 10.30 0.63 2.92 1,634
009290 광동제약 6,490 52,420,851 13.35 0.53 1.54 3,402
009300 삼아제약 15,300 6,370,000 13.92 0.54 1.63 975
009410 태영건설 6,850 38,899,098 3.73 0.38 5.11 2,665
009440 KC그린홀딩스 4,955 22,434,980  999 1.41 1,112
009580 무림P&P 4,490 62,368,324 9.51 0.46 2.78 2,800
009680 모토닉 8,600 33,000,000 16.57 0.45 4.65 2,838
009770 삼정펄프 26,850 2,499,971 11.50 0.32 3.72 671
009830 한화솔루션 43,800 191,278,497 25.26 1.01 0 83,780
009970 영원무역홀딩스 48,000 13,635,592 2.60 0.34 4.17 6,545
010040 한국내화 3,285 41,067,062 32.85 0.48 1.07 1,349
010100 한국프랜지 2,590 30,450,420 4.74 0.30 3.47 789
010400 우진아이엔에스 6,460 7,622,000  999 1.55 492
010660 화천기계 2,920 22,000,000 10.62 0.46 0.34 642
010960 삼호개발 4,040 25,000,000 6.84 0.41 4.70 1,010
011170 롯데케미칼 176,500 34,275,419 6.41 0.42 4.70 6496
011210 현대위아 68,100 27,195,083 33.97 0.55 1.03 18,520
011370 서한 1,390 100,894,865 2.54 0.38 2.88 1,402
011560 세보엠이씨 8,520 10,530,000 5.61 0.52 2.93 897
011760 현대코퍼레이션 15,900 13,228,966 4.17 0.50 3.77 2,103
012030 DB 830 201,173,933 7.76 0.35 0 1,670
012160 영흥 828 101,310,372 10.35 0.34 0 839
012200 계양전기 3,140 32,600,000  999 1.12 1,024
012320 경동인베스트 36,000 2,365,023 4.56 0.18 2.08 851
012330 현대모비스 228,500 94,573,094 9.53 0.58 1.75 216,100
012620 원일특강 12,500 4,400,000 2.96 0.39 2.00 550
012630 HDC 6,960 59,741,721 19.33 0.16 3.59 4,158
012700 리드코프 8,270 26,446,135 5.41 0.51 9.67 2,187
012800 대창 1,495 91,140,499 6.89 0.47 2.01 1,363
012860 모베이스전자 1,485 70,756,677 13.38 0.62 0 1,051
013030 하이록코리아 18,350 13,613,232 12.40 0.68 2.72 2,498
013120 동원개발 4,140 90,808,100 4.66 0.39 3.62 3,759
013310 아진산업 2,940 38,806,582 15.89 0.52 0 1,141
013580 계룡건설 24,500 8,930,907 1.42 0.31 3.27 2,188
013870 지엠비코리아 5,650 19,072,280 9.51 0.45 1.42 1,078
014100 메디앙스 4,065 11,800,000  999 0 480
014440 영보화학 3,810 20,000,000 16.14 0.48 2.62 762
014530 극동유화 3,725 34,869,420 9.29 0.69 4.30 1,299
014710 사조씨푸드 5,730 17,218,543 9.76 0.42 1.05 987
014790 한라 4,145 37,858,601 1.85 0.44 2.41 1,569
015230 대창단조 5,320 28,572,230 6.11 0.63 2.54 1,520
015360 예스코홀딩스 35,650 6,000,000 55.44 0.31 6.31 2,139
015750 성우하이텍 5,350 80,000,000 10.96 0.38 1.50 4,280
015860 일진홀딩스 6,610 49,347,483 14.12 0.72 2.27 3,262
015890 태경산업 6,320 29,228,750 8.58 0.68 4.27 1,847
016090 대현 2,180 44,282,310 4.62 0.43 4.13 965
016250 SGC이테크건설 45,200 2,599,445 1.37 0.48 2.58 1,175
016360 삼성증권 35,000 89,300,000 3.77 0.53 10.86 31,255
016450 한세예스24홀딩스 5,940 40,000,000 4.95 0.49 4.21 2,376
016590 신대양제지 88,400 4,029,782 8.00 0.63 1.41 3,562
016610 DB금융투자 5,180 42,446,389 2.41 0.23 9.65 2,199
016740 두올 3,010 33,066,680 7.07 0.50 2.66 995
016800 퍼시스 31,650 11,500,000 10.49 0.59 3.48 3,640
017480 삼현철강 5,750 15,702,890 3.43 0.49 5.22 903
017650 대림제지 9,050 9,000,000 4.03 0.38 1.11 814
017890 한국알콜 10,700 21,605,760 5.72 0.51 0.94 2,312
017900 광전자 2,420 57,943,763 10.90 0.58 2.07 1,402
017940 E1 44,650 6,860,000 2.03 0.19 4.93 3,063
018670 SK가스 112,500 9,230,244 3.09 0.46 4.53 1384
019010 베뉴지 2,265 48,200,000 3.23 0.31 1.33 1,092
019180 티에이치엔 3,145 18,000,000 2.34 0.63 1.59 566
019440 세아특수강 13,850 8,570,000 4.62 0.36 8.66 1,187
020000 한섬 31,100 24,630,000 6.12 0.54 1.93 7,660
020400 대동금속 9,950 3,189,166 21.96 0.73 0.60 317
021050 서원 1,500 47,474,590 9.74 0.54 1.00 712
021320 KCC건설 6,940 21,400,000 3.92 0.31 2.59 1,485
021820 세원정공 8,090 10,000,000 9.48 0.18 0.31 809
023000 삼원강재 2,725 40,000,000 11.31 0.50 3.85 1,090
023160 태광 13,050 26,500,000 17.68 0.77 0.77 3,458
023350 한국종합기술 7,000 10,950,000 6.76 0.51 1.43 766
023410 유진기업 3,995 77,310,863 2.90 0.31 4.26 3,089
023460 CNH 1,910 37,200,000  999 1.05 711
023590 다우기술 18,800 44,866,617 2.58 0.40 3.19 8,435
023600 삼보판지 9,980 16,170,000 3.43 0.35 1.75 1,614
023760 한국캐피탈 810 315,609,576 3.99 0.61 4.32 2,556
024110 기업은행 9,390 744,300,587 3.02 0.26 8.31 69,890
024120 KB오토시스 5,940 11,500,000  999 2.02 683
024720 한국콜마홀딩스 17,850 18,576,719 14.52 0.56 1.37 3,316
024800 유성티엔에스 2,615 31,278,618 3.05 0.24 0 818
025000 KPX케미칼 49,300 4,840,000 5.14 0.41 5.58 2,386
025530 SJM홀딩스 3,050 14,934,008 18.48 0.27 5.74 455
025560 미래산업 10,550 4,452,007 5.72 0.54 0 470
026940 부국철강 3,800 20,000,000 7.28 0.62 1.97 760
027410 BGF 4,215 95,716,791 11.84 0.26 2.61 4,034
028260 삼성물산 120,500 186,887,081 17.14 0.71 3.48 225,199
029460 케이씨 19,450 13,554,044 4.16 0.37 1.54 2,636
029530 신도리코 31,700 10,080,029 3.04 0.31 4.73 3,195
029780 삼성카드 32,050 115,858,891 6.47 0.46 7.18 37,133
030200 KT 37,750 261,111,808 6.73 0.60 5.06 98,570
030210 다올투자증권 4,535 60,314,092 1.85 0.41 5.51 2,735
030530 원익홀딩스 4,040 77,237,981 3.31 0.31 0 3,120
030610 교보증권 6,460 64,653,296 3.47 0.29 7.74 4,177
031310 아이즈비전 2,965 16,439,898 4.58 0.37 0 487
031510 오스템 2,010 28,000,000  999 1.00 563
032190 다우데이타 11,500 38,300,000 3.79 0.46 2.61 4,404
032560 황금에스티 7,520 17,000,000 3.63 0.42 2.50 1,278
032640 LG유플러스 12,500 436,611,361 7.96 0.70 4.40 54,576
032750 삼진 7,100 7,200,000 6.34 0.56 1.17 511
032830 삼성생명 60,700 200,000,000 18.65 0.37 4.94 121,400
032940 원익 3,865 18,193,230 2.83 0.32 0 703
033160 엠케이전자 12,150 21,807,689 8.04 0.63 1.24 2,650
033920 무학 6,990 28,500,000  999 3.29 1,992
034220 LG디스플레이 15,300 357,815,700 5.60 0.42 4.25 54,746
034300 신세계건설 26,100 4,000,000 4.66 0.46 3.26 1,044
034590 인천도시가스 27,250 4,374,754 19.02 0.58 4.59 1,192
034810 해성산업 11,450 26,356,298 14.03 0.40 1.53 3,018
034830 한국토지신탁 1,675 252,489,230 3.06 0.38 5.97 4,229
035000 지투알 6,000 16,567,409 5.31 0.63 5.83 994
035610 솔본 4,200 27,345,997  999 0 1,149
035760 CJENM 101,600 21,929,154 17.59 0.59 2.07 22,280
035810 이지홀딩스 3,640 65,145,845 11.90 0.45 1.37 2,371
035890 서희건설 1,460 229,808,457 2.54 0.48 3.42 3,355
036170 클라우드에어 1,145 61,365,626 27.93 0.61 0 703
036190 금화피에스시 29,600 6,000,000 7.94 0.65 4.39 1,776
036460 한국가스공사 37,200 92,313,000 2.93 0.34 7.33 34,340
036530 SNT홀딩스 15,700 16,303,886 6.38 0.24 4.46 2,560
036560 영풍정밀 8,690 15,750,000 10.66 0.40 4.03 1,369
036580 팜스코 5,180 36,727,943  999 1.93 1,902
036830 솔브레인홀딩스 21,200 20,964,056 21.57 0.40 0.71 4,444
037330 인지디스플레 1,975 43,885,224 35.27 0.46 2.53 867
037350 성도이엔지 5,580 15,470,000 3.58 0.30 2.69 863
037400 우리엔터프라이즈 2,415 26,223,346 3.15 0.56 0 633
037460 삼지전자 10,500 16,318,522 4.93 0.59 3.81 1,713
037560 LG헬로비전 5,700 77,446,865 14.73 0.68 1.93 4,414
037710 광주신세계 32,850 8,000,000 4.90 0.35 5.18 2,628
038010 제일테크노스 6,700 9,000,000 27.24 0.75 0.75 603
038110 에코플라스틱 3,075 34,169,370 34.55 0.79 1.63 1,051
038950 파인디지털 5,630 10,210,765 90.81 0.51 0.89 575
039310 세중 2,920 18,121,667 15.70 0.59 0 529
039490 키움증권 84,500 26,219,513 3.06 0.55 4.14 22,155
039610 화성밸브 5,400 10,410,400 17.76 0.71 0 562
039980 리노스 939 45,713,596  999 0 429
040300 YTN 3,600 42,000,000 2.81 0.63 1.39 1,512
040610 SG&G 2,055 34,087,196 6.04 0.23 0 700
041520 이라이콤 5,720 12,188,730  999 5.24 697
041650 상신브레이크 3,420 21,471,450 11.29 0.36 2.34 734
042420 네오위즈홀딩스 31,850 8,856,866 7.93 0.55 2.17 2,821
042670 현대두산인프라코어 5,570 197,763,411 2.38 0.75 0 11,015
043370 피에이치에이 7,850 21,000,000 5.45 0.25 2.29 1,648
043650 국순당 9,240 17,858,304 7.59 0.60 2.81 1,650
044490 태웅 10,300 20,007,381 92.79 0.44 0 2,061
044780 에이치케이 1,890 18,505,787 7.94 0.63 2.12 350
044820 코스맥스비티아이 9,430 9,603,921 6.91 0.29 2.76 906
045060 오공 3,835 16,941,974 7.62 0.67 1.30 650
045100 한양이엔지 15,550 18,000,000 6.11 0.65 3.54 2,799
047040 대우건설 5,250 415,622,638 4.28 0.64 0 21,820
049430 코메론 9,430 9,048,000 5.29 0.46 2.12 853
049830 승일 15,600 6,132,112 24.96 0.64 1.09 957
050120 ES큐브 4,030 13,564,086 15.15 0.55 0 547
050860 아세아텍 3,000 22,500,000 7.23 0.59 1.67 675
051390 YW 3,785 11,355,368 18.02 0.44 2.64 430
052790 액토즈소프트 9,410 11,330,638 3.69 0.51 0 1,066
053210 스카이라이프 8,980 47,821,966 6.93 0.54 3.90 4,294
053280 예스24 6,540 25,000,000 10.36 0.55 3.06 1,635
053620 태양 8,680 8,600,000 22.49 0.41 1.73 746
053700 삼보모터스 4,445 18,823,896 7.95 0.34 1.12 837
054040 한국컴퓨터 3,980 16,071,290 4.33 0.53 4.52 640
054050 농우바이오 10,100 16,030,561 20.61 0.65 1.98 1,619
054540 삼영엠텍 5,570 13,000,000  999 1.26 724
054800 아이디스홀딩스 13,450 10,347,756 15.46 0.55 1.49 1,392
054930 유신 26,350 3,000,000 5.41 0.82 2.85 790
055550 신한지주 35,700 512,934,131 4.51 0.40 5.49 183,117
056360 코위버 7,280 9,796,800 14.27 0.54 0.96 713
057050 현대홈쇼핑 52,300 12,000,000 6.48 0.32 4.59 6,276
058650 세아홀딩스 96,900 4,000,000 4.92 0.19 2.84 3,876
058850 KTcs 2,190 42,685,000 5.84 0.51 4.57 935
058860 KTis 2,675 34,802,000 3.47 0.45 3.74 931
060980 한라홀딩스 38,850 10,472,070 4.23 0.38 5.15 4,068
064800 젬백스링크 1,305 83,178,127 3.35 0.58 1.53 1,085
065690 파커스 2,640 14,049,331 6.95 0.47 5.68 371
066620 국보디자인 17,100 7,500,000 6.52 0.51 1.99 1,282
066900 디에이피 3,510 22,744,503 6.94 0.53 0 798
067830 세이브존I&C 2,965 41,040,895 21.03 0.24 1.01 1,217
068790 DMS 5,360 24,573,061 3.75 0.48 1.87 1,317
069730 DSR제강 5,020 14,400,000 4.94 0.45 0.80 723
069960 현대백화점 66,600 23,402,441 7.48 0.33 1.65 15,586
070960 용평리조트 4,085 48,133,333 18.74 0.51 0 1,966
071050 한국금융지주 63,100 55,725,992 2.33 0.50 9.75 35,163
071090 하이스틸 4,215 19,999,440 5.48 0.59 0.95 843
071320 지역난방공사 32,100 11,578,744  999 2.48 3,717
072470 우리산업홀딩스 5,120 18,887,341  999 0.68 967
072710 농심홀딩스 67,800 4,637,790 6.36 0.30 2.95 3,144
072870 메가스터디 11,250 11,920,959 5.03 0.45 5.33 1,341
072950 빛샘전자 7,150 6,230,859 9.65 0.67 1.40 446
073560 우리손에프앤지 1,915 69,237,643 5.72 0.58 2.61 1,326
075130 플랜티넷 2,910 16,622,320 10.43 0.65 3.70 484
075180 새론오토모티브 4,930 19,200,000 8.66 0.40 2.84 947
078000 텔코웨어 9,780 9,702,706 47.94 0.53 5.11 949
078020 이베스트투자증권 6,690 55,481,190 3.63 0.50 8.97 3,712
078930 GS 41,650 92,915,378 2.57 0.37 4.80 38,699
079000 와토스코리아 6,450 7,200,000 31.62 0.64 3.10 464
079430 현대리바트 11,650 20,535,282 29.80 0.48 0.86 2,392
079960 동양이엔피 14,650 7,860,000 7.47 0.43 2.05 1,151
079980 휴비스 6,450 34,500,000  999 4.65 2,225
080010 이상네트웍스 5,680 10,000,000 7.79 0.53 1.59 568
080520 오디텍 5,590 11,746,609 28.81 0.48 1.79 657
081580 성우전자 3,070 15,508,143 6.10 0.43 1.63 476
082640 동양생명 5,400 161,358,585 3.73 0.33 11.48 8,713
083550 케이엠 7,700 11,251,616 15.07 0.63 0.87 866
084010 대한제강 15,750 24,646,734 2.44 0.47 2.54 3,882
084110 휴온스글로벌 23,250 12,621,492 129.17 0.53 2.05 2,934
084690 대상홀딩스 8,280 36,212,538 6.68 0.43 2.90 2,998
085620 미래에셋생명 3,055 177,016,189 6.27 0.28 3.27 5,408
086790 하나금융지주 37,200 295,903,476 3.11 0.32 8.33 1176
087600 픽셀플러스 8,100 8,166,558 13.04 0.61 0 661
088130 동아엘텍 7,290 10,662,938 10.63 0.41 2.06 777
088350 한화생명 2,305 868,530,000 2.18 0.18 0 220
088790 진도 3,435 12,447,744 9.23 0.42 1.16 428
089470 HDC현대EP 4,070 31,900,000 15.13 0.39 3.44 1,298
090350 노루페인트 9,070 20,000,000 13.22 0.54 3.03 1,814
091340 S&K폴리텍 4,445 11,703,721 20.39 0.53 5.62 520
091590 남화토건 7,240 11,740,000 7.01 0.57 2.07 850
092230 KPX홀딩스 60,300 4,224,646 3.13 0.28 4.97 2,547
092440 기신정기 3,680 29,200,000 12.65 0.43 4.08 1,075
092780 동양피스톤 5,180 13,168,460 17.86 0.61 1.16 682
093050 LF 17,450 29,240,000 3.28 0.36 3.44 5,102
093190 빅솔론 6,270 19,238,905 4.74 0.60 3.99 1,206
093380 풍강 4,265 9,879,313 9.65 0.60 2.35 421
093920 서원인텍 5,790 18,600,000 5.53 0.59 6.05 1,077
094840 슈프리마에이치큐 6,380 10,471,840 6.94 0.37 0 668
100220 비상교육 6,530 12,996,741 42.96 0.40 3.37 849
100250 진양홀딩스 3,585 55,895,292 2.79 0.52 4.74 2,004
100840 SNT에너지 16,650 7,506,711 36.04 0.45 4.80 1,250
101330 모베이스 3,175 23,958,188 4.09 0.27 0 761
101530 해태제과식품 7,050 29,116,822  999 2.84 2,053
102260 동성케미컬 4,395 49,689,728 13.86 0.62 4.55 2,184
103140 풍산 27,700 28,024,278 3.22 0.45 3.61 7,763
103590 일진전기 6,720 37,080,390 13.58 0.75 1.49 2,492
104480 티케이케미칼 4,245 90,895,434 0.92 0.48 0 3,859
104700 한국철강 6,810 42,450,000 2.82 0.36 3.67 2,891
105560 KB금융 48,450 412,352,494 4.38 0.40 6.07 199,785
108380 대양전기공업 12,200 9,567,333 26.01 0.51 0.82 1,167
108670 LX하우시스 43,500 8,967,670  999 0.69 3,901
111110 호전실업 9,050 9,749,984 5.56 0.69 2.76 882
114630 폴라리스우노 4,035 15,604,813 18.86 0.70 0 630
115310 인포바인 42,450 3,192,883 24.87 0.95 2.12 1,355
115390 락앤락 8,250 51,550,414 23.91 0.58 0 4,253
120110 코오롱인더 54,700 27,519,091 7.33 0.66 2.38 15,053
121440 골프존뉴딘홀딩스 6,990 42,836,818 2.09 0.49 2.00 2,994
123410 코리아에프티 2,840 27,841,064 16.23 0.57 2.11 791
123700 SJM 3,660 15,604,898 18.87 0.32 4.10 571
123890 한국자산신탁 3,460 123,977,752 3.82 0.50 6.36 4,290
126560 현대퓨처넷 2,780 110,202,945 3.59 0.40 3.24 3,064
126640 화신정공 1,690 36,373,887 18.37 0.61 1.77 615
127710 아시아경제 2,180 34,904,082 2.49 0.42 0 761
129260 인터지스 2,940 29,747,874 4.62 0.39 3.40 875
130740 티피씨글로벌 3,110 11,276,679  999 0.96 351
136490 선진 10,800 23,779,604 5.97 0.60 0.93 2,568
138070 신진에스엠 9,300 8,972,183 14.03 1.09 1.29 834
138930 BNK금융지주 6,790 325,935,246 2.53 0.24 8.25 22,131
139130 DGB금융지주 7,720 169,145,833 2.41 0.24 8.16 13,058
139480 이마트 113,000 27,875,819 1.38 0.28 1.77 31,500
140910 에이리츠 5,410 4,463,032  999 0 241
145270 케이탑리츠 1,110 48,060,774  999 0 533
145990 삼양사 42,200 10,313,449 9.05 0.33 2.96 4,352
155660 DSR 5,740 16,000,000 5.82 0.50 0.87 918
161000 애경케미칼 8,350 48,648,709 4.70 0.59 6.59 4,062
161390 한국타이어앤테크놀로지 34,800 123,875,069 8.21 0.51 2.01 43,109
163560 동일고무벨트 6,910 13,900,000 84.27 0.48 1.16 960
175330 JB금융지주 7,460 196,982,894 2.72 0.35 8.03 14,695
181710 NHN 27,300 37,517,915 11.15 0.54 0 1242
183190 아세아시멘트 11,700 38,958,090 4.99 0.51 1.92 4,558
190650 코리아에셋투자증권 9,530 6,388,000 3.65 0.64 7.34 609
192400 쿠쿠홀딩스 17,250 35,562,185 4.30 0.59 4.06 6,134
192440 슈피겐코리아 38,050 6,216,363 7.15 0.60 2.21 2,365
198080 엔피디 2,585 21,535,185 32.72 0.60 0 557
200880 서연이화 8,890 27,028,437 5.24 0.35 1.69 2,403
210540 디와이파워 12,200 11,041,708 5.60 0.59 2.46 1,347
212560 네오오토 7,270 7,874,963 8.23 0.63 0.96 572
213500 한솔제지 14,250 23,800,576 18.06 0.50 4.21 3,392
221980 케이디켐 15,550 4,034,800 8.02 0.67 3.21 627
227840 현대코퍼레이션홀딩스 11,100 9,100,836 6.36 0.48 4.51 1,010
237750 피앤씨테크 7,450 6,496,600 19.10 0.74 0 484
264900 크라운제과 8,690 12,523,850 3.62 0.61 2.88 1,088
267270 현대건설기계 37,900 19,700,793 6.39 0.52 3.17 7,467
267290 경동도시가스 21,850 5,895,406 5.44 0.34 4.01 1,288
280360 롯데제과 117,500 9,434,574 44.63 0.62 1.36 11,086
282690 동아타이어 11,950 13,733,015 8.86 0.46 8.37 1,641
294870 HDC현대산업개발 12,350 65,907,330 86.97 0.29 4.86 8,140
298040 효성중공업 60,000 9,324,548 18.42 0.61 0 5,595
306200 세아제강 157,500 2,836,300 3.60 0.62 2.22 4,467
316140 우리금융지주 11,900 728,060,549 3.13 0.33 7.56 86,639
344820 KCC글라스 47,850 15,970,512 6.51 0.55 5.02 7,642
347740 피엔케이피부임상연구센타 5,150 7,502,644 23.09 2.42 0.73 386
363280 티와이홀딩스 18,450 50,929,268 5.71 0.47 0 9,396
375500 DL이앤씨 40,550 38,693,623 3.36 0.41 3.33 15,690
383800 LX홀딩스 8,730 76,280,690 2.84 0.45 0 6,659
402340 SK스퀘어 42,750 141,467,571 2.65 0.36 0 6477
900070 글로벌에스엠 785 53,743,968 785.00 0.45 0 422
900120 씨케이에이치 249 123,012,232 4.79 0.08 0 306
900250 크리스탈신소재 972 71,830,626 7.90 0.20 0 698
900280 골든센츄리 399 179,157,570 6.14 0.24 0 715
900290 GRT 1,315 67,375,000 2.62 0.14 0 886
900310 컬러레이 1,020 64,041,675 2.36 0.23 0 653
900340 윙입푸드 1,220 47,973,428 3.02 0.35 0 585