000050 경방 10,700 27,415,270 43.15 0.35 0 2,933
000070 삼양홀딩스 71,900 8,564,271 7.33 0.32 0 6,158
000120 CJ대한통운 90,200 22,812,344 10.20 0.49 0 2577
000140 하이트진로홀딩스 10,220 23,206,765 4.58 0.40 0 2,372
000150 두산 92,600 16,523,835 999 0.65 0 15,301
000180 성창기업지주 2,215 69,751,600 999 0.27 0 1,545
000210 DL 61,000 20,955,884 34.44 0.32 0 12,783
000240 한국앤컴퍼니 13,440 94,935,240 5.33 0.32 0 12,759
000320 노루홀딩스 10,300 13,291,151 28.85 0.28 0 1,369
000370 한화손해보험 4,300 116,738,915 2.64 12.95 0 5,020
000390 삼화페인트 6,080 27,203,469 13.66 0.46 0 1,654
000400 롯데손해보험 1,632 310,336,320 6.77 0.83 0 5,065
000480 조선내화 80,200 4,000,000 8.09 0.37 0 3,208
000490 대동 12,270 23,932,354 7.28 0.76 0 2,936
000500 가온전선 18,640 6,358,926 6.65 0.32 0 1,185
000540 흥국화재 3,550 64,242,645 1.97 0.36 0 2,281
000590 CS홀딩스 63,300 1,154,482 3.85 0.26 0 731
000640 동아쏘시오홀딩스 101,400 6,348,913 54.40 0.64 0 6,438
000680 LS네트웍스 2,555 78,803,016 13.10 0.33 0 2,013
000670 영풍 625,000 1,842,040 5.13 0.29 0 11,513
000700 유수홀딩스 6,540 26,041,812 4.81 0.46 0 1,703
000720 현대건설 38,050 111,355,765 6.38 0.53 0 42,371
000810 삼성화재 203,000 47,374,837 8.87 0.83 6.80 96,171
000850 화천기공 31,950 2,200,000 5.44 0.22 0 703
000860 강남제비스코 20,950 6,500,000 999 0.23 0 1,362
000880 한화 28,300 74,958,735 2.04 1.26 0 21,213
000910 유니온 4,925 15,611,619 999 0.61 0 769
000950 전방 42,750 1,680,000 999 0.36 0 718
000970 한국주철관 7,100 22,800,500 4.12 0.45 0 1,619
001040 CJ 82,400 29,176,998 8.37 0.50 0 24,042
001080 만호제강 36,500 4,150,000 29.82 0.46 0.69 1,515
001120 LX인터내셔널 35,050 38,760,000 2.30 0.53 0 13,585
001130 대한제분 149,200 1,690,000 16.12 0.27 0 2,521
001200 유진투자증권 2,750 96,866,418 5.06 0.25 0 2,664
001230 동국제강 13,620 95,432,737 1.78 0.38 0 12,998
001250 GS글로벌 2,440 82,533,764 5.46 0.52 0 2,014
001270 부국증권 18,940 10,369,886 5.66 0.24 0 1,964
001290 상상인증권 807 108,337,120 62.08 0.36 0 874
001430 세아베스틸지주 16,400 35,862,119 3.99 0.31 0 5,881
001450 현대해상 30,950 89,400,000 5.08 0.58 0 27,669
001500 현대차증권 9,420 31,712,562 3.62 0.30 0 2,987
001510 SK증권 789 472,590,171 71.73 0.51 0 3,729
001520 동양 1,102 238,684,063 220.40 0.27 0 2,630
001630 종근당홀딩스 55,100 5,009,861 999 0.51 0 2,760
001680 대상 21,250 34,648,025 6.66 0.59 0 7,363
001720 신영증권 58,700 9,386,237 22.82 0.34 6.81 5,510
001740 SK네트웍스 4,060 248,187,647 26.03 0.39 0 176
001750 한양증권 8,860 12,728,534 3.11 0.24 0 1,128
001790 대한제당 2,780 89,696,580 12.64 0.50 0 2,494
001800 오리온홀딩스 15,600 62,645,422 10.65 0.42 0 9,773
001810 무림SP 2,855 22,137,500 999 0.30 0 632
001880 DL건설 14,590 22,053,284 4.01 0.35 0 3,218
001940 KISCO홀딩스 17,810 16,176,380 3.59 0.24 0 2,881
002020 코오롱 22,300 12,626,426 2.44 0.31 0 2,816
002030 아세아 133,100 2,191,024 3.21 0.25 0 2,916
002140 고려산업 3,695 24,939,425 999 0.90 0 922
002170 삼양통상 50,900 3,000,000 13.00 0.35 0 1,527
002200 한국수출포장 30,350 4,000,000 6.58 0.42 0 1,214
002220 한일철강 3,135 26,697,460 17.51 0.44 0 837
002230 피에스텍 3,700 19,669,243 999 0.47 0 728
002240 고려제강 20,650 25,000,000 3.58 0.31 0 5,162
002310 아세아제지 39,550 8,956,502 3.83 0.45 0 3,542
002320 한진 21,950 14,947,628 999 0.25 0 3,281
002350 넥센타이어 6,700 97,667,877 999 0.43 0 6,544
002390 한독 16,890 13,763,533 69.51 0.62 0 2,325
002450 삼익악기 1,312 90,530,915 999 0.35 0 1,188
002460 화성산업 10,900 10,150,000 4.67 0.29 0 1,106
002690 동일제강 2,180 20,300,360 999 0.29 0 443
002810 삼영무역 12,780 18,466,948 5.95 0.50 0 2,360
002920 유성기업 2,820 25,947,500 8.90 0.26 0 732
002990 금호건설 7,250 36,953,595 4.15 0.51 0 2,679
003010 혜인 7,360 12,712,747 120.66 0.72 0 936
003030 세아제강지주 162,800 4,141,657 2.45 0.42 0 6,743
003080 성보화학 3,175 20,020,000 12.55 0.45 0 636
003200 일신방직 102,000 2,400,000 6.81 0.29 0 2,448
003240 태광산업 742,000 1,113,400 12.59 0.16 0 8,261
003300 한일홀딩스 10,930 30,832,884 4.60 0.24 0 3,370
003380 하림지주 8,710 112,005,621 5.84 0.30 0 9,756
003460 유화증권 2,285 56,702,415 26.26 0.27 0 1,296
003470 유안타증권 2,750 199,596,576 999 0.36 0 5,489
003530 한화투자증권 3,345 214,547,775 13.02 0.44 0 7,177
003540 대신증권 13,430 50,773,400 5.22 0.32 10.42 6,819
003550 LG 82,800 157,300,993 6.03 0.49 0 13245
003570 SNT중공업 10,710 33,252,697 12.93 0.36 0 3,561
003610 방림 5,580 42,314,090 42.27 1.01 0.81 2,361
003650 미창석유 73,800 1,739,672 5.35 0.36 0 1,284
003690 코리안리 7,540 140,822,939 8.78 0.34 0 1618
003830 대한화섬 131,500 1,328,000 6.17 0.21 0 1,746
003960 사조대림 28,000 9,164,467 4.38 0.43 0 2,566
004020 현대제철 34,200 133,445,785 2.80 0.24 0 45,638
004150 한솔홀딩스 3,370 42,008,577 3.25 0.25 0 1,416
004170 신세계 231,500 9,845,181 7.67 0.58 0 22,792
004360 세방 46,550 19,308,690 18.35 1.07 0 8,988
004450 삼화왕관 40,900 2,154,379 999 0.63 0 881
004490 세방전지 47,400 14,000,000 12.70 0.52 0 6,636
004540 깨끗한나라 2,915 37,240,693 29.15 0.47 0 1,086
004560 현대비앤지스틸 11,290 15,078,811 4.19 0.33 0 1,702
004590 한국가구 4,490 15,000,000 3.19 0.50 0 674
004690 삼천리 489,000 4,055,025 24.95 1.16 0 19,829
004780 대륙제관 4,615 15,903,199 7.81 0.57 0 734
004800 효성 70,600 21,071,025 12.79 0.53 0 14,876
004960 한신공영 9,150 11,570,702 2.24 0.15 0 1,059
004970 신라교역 11,170 16,000,000 3.40 0.30 0 1,787
004980 성신양회 9,530 24,516,073 16.93 0.58 0 2,336
004990 롯데지주 32,350 104,909,237 19.37 0.31 0 33,938
005010 휴스틸 5,140 56,188,075 1.63 0.29 0 2,888
005160 동국산업 4,275 54,244,482 24.71 0.55 0 2,319
005380 현대차 167,000 213,668,187 7.45 0.52 4.19 356,826
005440 현대그린푸드 7,320 97,704,482 15.54 0.35 0 7,152
005490 POSCO홀딩스 300,500 84,571,230 4.92 0.42 3.99 254,137
005680 삼영전자 9,370 20,000,000 8.95 0.35 0 1,874
005710 대원산업 5,640 20,037,600 2.04 0.26 0 1,130
005720 넥센 4,000 53,543,977 16.19 0.19 0 2,142
005740 크라운해태홀딩스 7,220 14,847,347 22.01 0.37 0 1,072
005750 대림B&Co 3,990 16,672,240 999 0.42 0 665
005800 신영와코루 10,740 9,000,000 12.33 0.29 0 967
005810 풍산홀딩스 28,900 10,409,528 3.35 0.29 0 3,008
005820 원림 21,900 2,297,970 8.66 0.41 0 503
005830 DB손해보험 65,600 70,800,000 4.71 0.77 0 46,445
005880 대한해운 2,290 319,177,460 3.12 0.41 0 7,309
005940 NH투자증권 9,200 331,665,921 7.28 0.44 0 3513
005960 동부건설 7,350 22,874,822 4.02 0.31 0 1,681
005990 매일홀딩스 8,980 13,718,304 9.47 0.33 0 1,232
006040 동원산업 46,150 49,982,665 4.19 0.47 0 23,067
006090 사조오양 8,300 9,422,739 4.81 0.38 0 782
006120 SK디스커버리 31,800 19,037,855 1.60 0.23 0 6,054
006200 한국전자홀딩스 1,081 46,803,136 4.70 0.33 0 506
006220 제주은행 16,490 32,128,774 38.26 1.04 0 5,298
006260 LS 70,500 32,200,000 5.67 0.52 0 22,701
006360 GS건설 23,300 85,581,490 3.98 0.40 0 19,940
006650 대한유화 164,800 6,500,000 999 0.52 0 1712
006800 미래에셋증권 6,810 615,316,408 7.28 0.39 0 41,903
006880 신송홀딩스 6,440 11,828,858 13.25 0.70 0 762
007070 GS리테일 28,850 104,717,922 33.47 0.73 0 3211
007160 사조산업 42,700 5,000,000 3.67 0.43 0 2,135
007330 푸른저축은행 11,190 15,082,800 8.84 0.44 0 1,688
007540 샘표 49,850 2,875,800 15.38 0.55 0 1,434
007590 동방아그로 6,450 13,617,577 17.97 0.53 0 878
007680 대원 7,070 13,446,474 2.82 0.27 4.24 951
007690 국도화학 42,550 9,010,616 3.21 0.42 0 3,834
007700 F&F홀딩스 29,000 39,114,367 9.55 0.57 0 11,343
007770 한일화학 17,810 3,510,000 2.25 0.52 0 625
007860 서연 7,540 23,479,844 2.62 0.28 0 1,770
008110 대동전자 9,890 10,490,447 9.40 0.43 2.53 1,038
008250 이건산업 8,000 10,952,635 28.88 0.39 0 876
008370 원풍 5,150 12,000,000 5.50 0.68 0 618
008420 문배철강 3,460 20,503,505 3.36 0.43 0 709
008470 부스타 5,080 8,404,800 999 0.52 0 427
008870 금비 95,400 1,000,000 999 0.89 1.36 954
009070 KCTC 4,780 30,000,000 4.63 0.58 0 1,434
009140 경인전자 24,450 1,570,797 10.20 0.47 0 384
009160 SIMPAC 5,220 65,429,516 2.98 0.47 0 3,415
009270 신원 1,579 102,586,356 5.62 0.52 0 1,620
009290 광동제약 6,010 52,420,851 13.36 0.48 0 3,150
009300 삼아제약 17,850 6,370,000 10.31 0.61 0 1,137
009410 태영건설 4,210 38,899,098 3.48 0.23 0 1,638
009440 KC그린홀딩스 3,175 22,434,980 999 0.48 0 712
009580 무림P&P 4,220 62,368,324 7.16 0.41 0 2,632
009680 모토닉 8,250 33,000,000 14.76 0.42 4.85 2,722
009770 삼정펄프 24,900 2,499,971 7.62 0.29 0 622
009830 한화솔루션 45,350 191,278,497 29.84 0.93 0 86,745
009970 영원무역홀딩스 61,200 13,635,592 2.17 0.35 0 8,345
010040 한국내화 2,925 41,067,062 34.01 0.46 0 1,201
010100 한국프랜지 2,800 30,450,420 2.25 0.29 0 853
010400 우진아이엔에스 7,330 7,622,000 999 0.52 0 559
010660 화천기계 3,285 22,000,000 11.95 0.51 0 723
010960 삼호개발 3,930 25,000,000 8.07 0.39 0 982
011170 롯데케미칼 176,800 34,275,419 28.91 0.40 0 6599
011210 현대위아 53,500 27,195,083 7.10 0.40 0 14,549
011370 서한 1,151 100,894,865 3.23 0.31 0 1,161
011560 세보엠이씨 7,740 10,530,000 3.93 0.44 0 815
011760 현대코퍼레이션 16,580 13,228,966 1.98 0.41 0 2,193
012030 DB 917 201,173,933 8.41 0.57 0 1,845
012160 영흥 758 101,310,372 9.97 0.30 0 768
012200 계양전기 3,405 32,600,000 999 0.62 0 1,110
012320 경동인베스트 86,800 2,365,023 12.24 0.43 0 2,053
012330 현대모비스 205,500 94,285,094 8.11 0.50 0 193,756
012620 원일특강 9,640 4,400,000 6.33 0.29 0 424
012630 HDC 6,100 59,741,721 999 0.14 0 3,644
012700 리드코프 7,750 26,446,135 4.50 0.45 0 2,050
012800 대창 1,411 91,140,499 999 0.46 0 1,286
012860 모베이스전자 1,435 73,233,457 5.44 0.52 0 1,051
013030 하이록코리아 21,850 13,613,232 9.43 0.76 0 2,974
013120 동원개발 3,415 90,808,100 4.36 0.31 0 3,101
013310 아진산업 2,705 38,806,582 4.38 0.42 0 1,050
013580 계룡건설 20,100 8,930,907 1.65 0.24 0 1,795
013870 지엠비코리아 4,905 19,072,280 5.28 0.36 0 935
014100 메디앙스 3,280 11,800,000 999 0.44 0 387
014280 금강공업 6,300 29,329,357 3.20 0.46 0 1,848
014440 영보화학 3,580 20,000,000 15.57 0.44 0 716
014530 극동유화 3,630 34,869,420 6.17 0.62 0 1,266
014710 사조씨푸드 5,360 17,218,543 12.29 0.40 0 923
014790 HLD&I 2,870 37,858,601 3.32 0.31 0 1,087
015230 대창단조 7,440 28,572,230 5.39 0.78 0 2,126
015360 예스코홀딩스 31,300 6,000,000 999 0.28 0 1,878
015750 성우하이텍 5,020 80,000,000 8.95 0.32 0 4,016
015860 일진홀딩스 4,145 49,347,483 9.85 0.44 0 2,045
015890 태경산업 6,630 29,228,750 7.84 0.68 0 1,938
016090 대현 2,285 44,282,310 3.82 0.43 0 1,012
016250 SGC이테크건설 30,900 2,599,445 1.30 0.40 0 803
016360 삼성증권 33,400 89,300,000 5.37 0.48 5.09 29,826
016450 한세예스24홀딩스 4,965 40,000,000 4.76 0.48 0 1,986
016590 신대양제지 86,500 4,029,782 6.73 0.58 0 3,486
016610 DB금융투자 4,460 42,446,389 6.18 0.20 0 1,893
016740 두올 2,580 33,066,680 14.74 0.41 0 853
016800 퍼시스 29,650 11,500,000 27.13 0.56 0 3,410
017480 삼현철강 4,890 15,702,890 4.09 0.41 0 768
017650 대림제지 9,350 9,000,000 3.57 0.37 0 842
017890 한국알콜 11,140 21,605,760 6.66 0.50 0 2,407
017900 광전자 2,315 57,943,763 6.75 0.51 0 1,341
017940 E1 47,300 6,860,000 4.24 0.20 0 3,245
018670 SK가스 121,900 9,230,244 9.00 0.50 0 11,252
019010 베뉴지 2,130 48,200,000 999 0.31 0 1,027
019180 티에이치엔 3,980 18,000,000 3.30 0.64 0 716
019440 세아특수강 17,000 8,570,000 6.71 0.42 0 1,457
020000 한섬 27,350 24,630,000 5.54 0.46 0 6,736
020400 대동금속 9,660 3,189,166 9.69 0.68 0 308
021050 서원 1,327 47,474,590 999 0.50 0 630
021320 KCC건설 7,380 21,400,000 30.37 0.34 0 1,579
021820 세원정공 7,800 10,000,000 999 0.17 0.32 780
023000 삼원강재 2,775 40,000,000 9.31 0.49 0 1,110
023160 태광 16,280 26,500,000 13.75 0.89 0 4,314
023350 한국종합기술 6,880 10,950,000 7.70 0.49 0 753
023410 유진기업 3,740 77,310,863 6.94 0.30 0 2,891
023460 CNH 2,435 37,200,000 999 0.63 0 906
023590 다우기술 22,900 44,866,617 3.60 0.46 0 1274
023600 삼보판지 10,630 16,170,000 3.32 0.35 0 1,719
023760 한국캐피탈 740 315,609,576 3.05 0.51 0 2,336
024110 기업은행 10,250 797,425,869 3.13 0.28 0 81,736
024120 KB오토시스 4,460 11,500,000 999 0.48 0 513
024720 한국콜마홀딩스 16,540 18,576,719 23.76 0.52 0 3,073
024800 유성티엔에스 2,485 31,278,618 1.88 0.21 0 777
024830 세원물산 9,230 8,350,000 3.42 0.32 0 771
025000 KPX케미칼 49,350 4,840,000 6.74 0.40 0 2,389
025530 SJM홀딩스 3,705 14,934,008 9.52 0.31 0 553
025560 미래산업 12,770 4,575,476 3.66 0.57 0 584
025750 한솔홈데코 1,195 80,565,149 999 0.60 0 963
026940 부국철강 3,510 20,000,000 8.73 0.56 0 702
027410 BGF 4,245 95,716,791 7.61 0.25 0 4,063
028260 삼성물산 118,500 186,887,081 12.52 0.77 0 221,461
029460 케이씨 18,280 13,554,044 2.65 0.33 0 2,478
029530 신도리코 33,450 10,080,029 5.02 0.30 0 3,372
029780 삼성카드 30,350 115,858,891 6.00 0.41 8.24 35,163
030200 KT 35,050 261,111,808 6.42 0.56 0 91,520
030210 다올투자증권 3,355 60,314,092 1.62 0.30 0 2,024
030530 원익홀딩스 3,565 77,237,981 3.33 0.26 0 2,754
030610 교보증권 5,780 64,653,296 4.85 0.25 0 3,737
031310 아이즈비전 3,500 16,439,898 999 0.45 0 575
031510 오스템 1,756 28,000,000 999 0.44 0 492
032190 다우데이타 49,500 38,300,000 20.51 1.85 0 18,958
032560 황금에스티 7,270 17,000,000 3.46 0.39 0 1,236
032640 LG유플러스 11,110 436,611,361 8.13 0.59 0 48,508
032750 삼진 7,830 7,200,000 11.65 0.63 0.91 564
032830 삼성생명 70,900 200,000,000 20.01 0.63 0 141,800
032940 원익 4,515 18,193,230 3.64 0.35 0 821
033160 엠케이전자 11,580 21,807,689 44.20 0.59 0 2,525
033560 블루콤 3,860 17,100,000 999 0.40 0 660
033920 무학 5,250 28,500,000 999 0.31 0 1,496
034220 LG디스플레이 13,610 357,815,700 999 0.39 0 48,699
034300 신세계건설 22,250 4,000,000 6.70 0.40 0 890
034590 인천도시가스 28,400 4,374,754 8.69 0.59 0 1,242
034810 해성산업 11,590 26,356,298 11.61 0.39 0 3,055
034830 한국토지신탁 1,381 252,489,230 5.27 0.31 0 3,487
035000 지투알 5,920 16,567,409 6.59 0.57 0 981
035610 솔본 6,100 27,345,997 999 1.03 0 1,668
035760 CJENM 107,100 21,929,154 999 0.60 0 23,486
035810 이지홀딩스 2,910 65,145,845 999 0.34 0 1,896
035890 서희건설 1,179 229,808,457 2.66 0.36 0 2,709
036170 클라우드에어 1,007 61,365,626 7.69 0.54 0 618
036190 금화피에스시 29,050 6,000,000 8.32 0.59 0 1,743
036460 한국가스공사 33,350 92,313,000 2.60 0.30 0 3786
036530 SNT홀딩스 16,110 16,303,886 4.15 0.23 0 2,627
036560 영풍정밀 11,360 15,750,000 12.55 0.52 0 1,789
036580 팜스코 4,065 36,727,943 999 0.77 0 1,493
036830 솔브레인홀딩스 24,900 20,964,056 7.49 0.43 0 5,220
037330 인지디스플레 1,813 43,885,224 453.25 0.40 0 796
037350 성도이엔지 4,680 15,470,000 4.31 0.24 0 724
037400 우리엔터프라이즈 2,040 26,223,346 2.79 0.45 0 535
037460 삼지전자 8,680 16,318,522 4.89 0.46 0 1,416
037560 LG헬로비전 4,660 77,446,865 9.81 0.54 2.58 3,609
037710 광주신세계 32,150 8,000,000 4.35 0.33 0 2,572
038010 제일테크노스 7,310 9,000,000 10.55 0.84 0 658
038110 에코플라스틱 2,980 34,169,370 5.09 0.66 0 1,018
038500 삼표시멘트 3,585 107,916,306 12.99 0.58 0 3,869
038540 상상인 5,910 55,328,313 3.62 0.44 0 3,270
038950 파인디지털 5,440 10,210,765 999 0.50 0 555
039020 이건홀딩스 3,535 22,584,709 34.66 0.47 0 798
039310 세중 2,850 18,121,667 14.47 0.57 0 516
039490 키움증권 98,200 26,219,513 5.08 0.61 0 25,748
039610 화성밸브 5,790 10,410,400 18.86 0.76 0 603
039980 리노스 997 45,713,596 999 0.66 0 456
040300 YTN 6,400 42,000,000 4.88 1.09 0 2,688
040610 SG&G 1,782 34,087,196 3.55 0.21 0 607
041520 이라이콤 5,190 12,188,730 34.37 0.30 0 633
041650 상신브레이크 3,390 21,471,450 6.51 0.33 2.95 728
042420 네오위즈홀딩스 30,000 8,856,866 999 0.58 0 2,657
042670 현대두산인프라코어 7,750 197,763,411 3.33 0.96 0 15,327
043370 피에이치에이 7,210 21,000,000 6.36 0.21 0 1,514
043650 국순당 6,970 17,858,304 11.98 0.46 0 1,245
044490 태웅 9,800 20,007,381 26.56 0.41 0 1,961
044780 에이치케이 2,210 18,505,787 9.78 0.71 0 409
044820 코스맥스비티아이 9,090 9,603,921 17.12 0.26 0 873
045060 오공 3,585 16,941,974 7.29 0.61 0 607
045100 한양이엔지 14,400 18,000,000 3.81 0.53 0 2,592
047040 대우건설 4,785 415,622,638 3.96 0.53 0 19,888
048470 대동스틸 4,425 10,000,000 999 0.63 0 442
049430 코메론 10,270 9,048,000 4.46 0.46 0 929
049830 승일 12,810 6,132,112 28.47 0.52 0 786
050120 ES큐브 4,390 13,564,086 5.12 0.53 0 595
050760 에스폴리텍 2,545 16,334,678 10.74 0.54 0 416
050860 아세아텍 2,800 22,500,000 5.70 0.50 1.79 630
051390 YW 3,545 11,355,368 15.09 0.40 0 403
052790 액토즈소프트 9,000 11,330,638 7.35 0.43 0 1,020
053210 스카이라이프 8,330 47,821,966 7.06 0.48 0 3,984
053280 예스24 5,650 25,000,000 54.85 0.85 0 1,412
053620 태양 8,360 8,600,000 7.71 0.38 0 719
053700 삼보모터스 5,430 19,332,003 6.79 0.38 0 1,050
054040 한국컴퓨터 4,590 16,071,290 3.77 0.54 0 738
054050 농우바이오 9,110 16,030,561 21.09 0.57 0 1,460
054540 삼영엠텍 3,905 13,000,000 999 0.71 0 508
054800 아이디스홀딩스 13,760 10,347,756 5.50 0.51 0 1,424
054930 유신 33,850 3,000,000 6.28 0.98 0 1,016
055550 신한지주 41,550 508,784,869 4.63 0.45 0 211,400
056360 코위버 7,970 9,796,800 7.72 0.57 0 781
057050 현대홈쇼핑 56,000 12,000,000 9.60 0.33 0 6,720
058400 KNN 921 132,429,720 16.16 0.59 0 1,220
058650 세아홀딩스 104,800 4,000,000 3.07 0.20 0 4,192
058850 KTcs 4,335 42,685,000 10.70 0.89 0 1,850
058860 KTis 3,440 34,802,000 4.39 0.54 0 1,197
060380 동양에스텍 2,130 19,700,000 6.96 0.56 0 420
060980 HL홀딩스 30,700 10,472,070 6.68 0.28 0 3,215
064800 젬백스링크 1,378 83,747,117 11.58 0.65 0 1,154
065690 파커스 2,430 14,049,331 999 0.45 0 341
066620 국보디자인 16,410 7,500,000 5.69 0.53 0 1,231
066670 디스플레이텍 4,710 18,691,918 6.43 0.47 0 880
066900 디에이피 2,980 22,744,503 4.59 0.42 0 678
067830 세이브존I&C 2,635 41,040,895 23.95 0.22 0 1,081
067990 도이치모터스 6,040 31,890,147 4.98 0.53 0 1,926
068790 DMS 6,480 24,573,061 4.54 0.51 0 1,592
069730 DSR제강 5,510 14,400,000 3.33 0.46 0 793
069960 현대백화점 61,600 23,402,441 6.86 0.29 0 14,416
070960 용평리조트 3,645 48,133,333 999 0.46 0 1,754
071050 한국금융지주 62,500 55,725,992 4.38 0.46 0 34,829
071090 하이스틸 3,740 20,191,471 7.21 0.50 0 755
071320 지역난방공사 31,550 11,578,744 999 0.23 0 3,653
072470 우리산업홀딩스 4,805 18,887,341 999 0.70 0 908
072710 농심홀딩스 67,000 4,637,790 6.36 0.28 0 3,107
072870 메가스터디 10,880 11,920,959 4.98 0.41 0 1,297
072950 빛샘전자 6,190 6,230,859 14.36 0.57 0 386
073560 우리손에프앤지 1,802 69,237,643 4.92 0.49 0 1,248
075130 플랜티넷 2,895 16,622,320 11.22 0.64 0 481
075180 새론오토모티브 4,950 19,200,000 6.64 0.37 0 950
078000 텔코웨어 8,960 9,702,706 94.32 0.48 0 869
078020 이베스트투자증권 5,180 55,481,190 5.19 0.38 0 2,874
078930 GS 44,200 92,915,378 1.88 0.34 0 41,069
079000 와토스코리아 5,690 7,200,000 8.75 0.53 0 410
079430 현대리바트 9,480 20,535,282 53.26 0.39 0 1,947
079650 서산 1,954 20,000,000 69.79 0.57 0 391
079960 동양이엔피 15,740 7,860,000 6.73 0.43 0 1,237
079980 휴비스 5,010 34,500,000 999 0.39 0 1,728
080010 이상네트웍스 5,650 10,000,000 6.77 0.50 0 565
080520 오디텍 5,310 11,746,609 999 0.46 0 624
081580 성우전자 2,690 15,508,143 4.49 0.35 0 417
082640 동양생명 4,780 161,358,585 4.56 0.41 0 7,713
083550 케이엠 6,520 11,251,616 10.99 0.53 0 734
084010 대한제강 12,260 24,646,734 2.56 0.34 0 3,022
084110 휴온스글로벌 21,400 12,621,492 999 0.49 0 2,701
084690 대상홀딩스 7,710 36,212,538 6.20 0.37 0 2,792
085620 미래에셋생명 2,940 177,016,189 4.81 0.34 0 5,204
086790 하나금융지주 48,750 295,903,476 3.94 0.39 0 144,253
087600 픽셀플러스 8,300 8,166,558 9.96 0.59 0 678
088130 동아엘텍 6,870 10,662,938 999 0.46 0 733
088350 한화생명 2,740 868,530,000 2.22 0.33 0 23,798
088790 진도 2,750 12,447,744 7.86 0.34 0 342
089470 HDC현대EP 4,090 31,900,000 999 0.38 0 1,305
090350 노루페인트 8,130 20,000,000 9.02 0.45 0 1,626
091340 S&K폴리텍 3,980 11,703,721 11.37 0.44 0 466
091590 남화토건 9,800 11,740,000 11.26 0.74 0 1,151
092230 KPX홀딩스 54,900 4,224,646 4.94 0.25 0 2,319
092440 기신정기 3,580 29,200,000 16.42 0.42 4.19 1,045
092780 동양피스톤 5,180 13,168,460 9.22 0.53 0 682
093050 LF 17,180 29,240,000 3.94 0.34 0 5,023
093190 빅솔론 8,050 19,238,905 6.54 0.70 0 1,549
093380 풍강 3,925 9,879,313 5.65 0.53 3.31 388
093920 서원인텍 5,800 18,600,000 3.47 0.54 0 1,079
094840 슈프리마에이치큐 5,730 10,471,840 5.17 0.32 0 600
100220 비상교육 6,090 12,996,741 21.83 0.39 0 792
100250 진양홀딩스 3,180 55,895,292 2.75 0.45 0 1,777
100840 SNT에너지 21,000 7,506,711 23.36 0.54 0 1,576
101330 모베이스 3,445 23,958,188 3.56 0.26 0 825
101530 해태제과식품 6,830 29,116,822 999 0.70 0 1,989
102260 동성케미컬 4,500 49,689,728 8.27 0.60 0 2,236
103140 풍산 36,050 28,024,278 5.31 0.54 0 1103
103590 일진전기 5,040 37,080,390 11.51 0.55 0 1,869
104480 티케이케미칼 3,180 90,895,434 0.80 0.28 0 2,890
104700 한국철강 6,750 42,450,000 3.80 0.34 0 2,865
105560 KB금융 55,900 408,897,068 4.95 0.46 0 228,573
108380 대양전기공업 12,400 9,567,333 66.31 0.51 0 1,186
108670 LX하우시스 38,850 8,967,670 999 0.46 0 3,484
111110 호전실업 8,300 9,749,984 2.59 0.52 0 809
114630 폴라리스우노 870 60,775,284 5.51 0.58 0 529
115310 인포바인 22,850 3,192,883 13.35 0.50 0 730
115390 락앤락 6,940 50,200,444 41.56 0.46 0 3,484
120110 코오롱인더 45,550 27,519,091 8.33 0.53 0 12,535
121440 골프존뉴딘홀딩스 5,090 42,836,818 1.40 0.33 0 2,180
121800 비덴트 4,010 58,292,938 999 0.37 0 2,338
122990 와이솔 7,160 28,186,941 8.19 0.52 3.49 2,018
123410 코리아에프티 2,690 27,841,064 10.89 0.51 0 749
123700 SJM 4,500 15,604,898 8.95 0.37 0 702
123890 한국자산신탁 3,075 123,977,752 3.32 0.41 0 3,812
126560 현대퓨처넷 2,730 110,202,945 999 0.39 0 3,009
126640 화신정공 1,576 36,373,887 10.58 0.55 0 573
127710 아시아경제 1,895 34,904,082 1.50 0.37 0 661
129260 인터지스 2,940 29,747,874 2.84 0.35 0 875
130740 티피씨글로벌 3,060 11,276,679 999 0.55 0 345
136490 선진 9,850 23,779,604 999 0.58 0 2,342
138070 신진에스엠 2,975 17,503,204 7.98 0.67 0 521
138930 BNK금융지주 7,080 325,935,246 2.85 0.23 0 23,076
139130 DGB금융지주 7,950 169,145,833 2.80 0.25 0 13,447
139480 이마트 104,200 27,875,819 3.14 0.26 0 29,047
140910 에이리츠 4,135 4,463,032 999 0 0 185
145270 케이탑리츠 901 48,060,774 999 0 0 433
145990 삼양사 41,000 10,313,449 10.07 0.32 0 4,229
155660 DSR 6,170 16,000,000 4.16 0.49 0 987
161000 애경케미칼 8,690 48,648,709 5.30 0.56 6.33 4,228
161390 한국타이어앤테크놀로지 32,450 123,875,069 5.53 0.43 0 4197
163560 동일고무벨트 6,330 13,900,000 9.55 0.42 0 880
175330 JB금융지주 10,140 196,982,894 3.44 0.44 0 19,974
181710 NHN 29,100 36,017,198 20.85 0.55 0 1481
183190 아세아시멘트 9,470 38,958,090 5.62 0.39 0 3,689
190650 코리아에셋투자증권 8,030 6,388,000 7.91 0.57 8.72 513
192400 쿠쿠홀딩스 16,420 35,562,185 4.60 0.52 0 5,839
192440 슈피겐코리아 34,650 6,216,363 5.25 0.50 0 2,154
198080 엔피디 2,155 21,535,185 23.17 0.46 0 464
200880 서연이화 8,840 27,028,437 3.24 0.29 0 2,389
210540 디와이파워 12,420 11,041,708 7.48 0.56 0 1,371
212560 네오오토 6,810 7,874,963 5.77 0.56 0 536
213500 한솔제지 13,050 23,800,576 4.59 0.42 0 3,106
215790 이노인스트루먼트 1,316 40,283,149 6.39 0.51 0 530
221980 케이디켐 13,680 4,034,800 7.21 0.56 0 552
227840 현대코퍼레이션홀딩스 10,780 9,100,836 3.69 0.41 0 981
228340 동양파일 3,425 20,000,000 8.17 0.56 0 685
237750 피앤씨테크 5,750 6,496,600 18.14 0.56 0 374
264900 크라운제과 8,680 12,523,850 4.64 0.62 0 1,087
267270 현대건설기계 58,900 19,700,793 11.64 0.76 0 11,604
267290 경동도시가스 25,350 5,895,406 4.61 0.38 0 1,494
280360 롯데제과 119,900 9,434,574 21.92 0.50 0 11,312
282690 동아타이어 11,710 13,733,015 7.25 0.45 0 1,608
294870 HDC현대산업개발 11,060 65,907,330 999 0.26 0 7,289
298040 효성중공업 71,800 9,324,548 20.18 0.71 0 6,695
300720 한일시멘트 11,910 69,261,540 11.93 0.58 0 8,249
306200 세아제강 137,900 2,836,300 2.43 0.48 4.35 3,911
316140 우리금융지주 12,790 728,060,549 3.05 0.33 0 93,119
344820 KCC글라스 39,350 15,970,512 6.70 0.44 0 6,284
347740 피엔케이피부임상연구센타 3,370 30,010,576 15.75 1.47 0 1,011
363280 티와이홀딩스 11,750 50,929,268 7.05 0.29 0 5,984
375500 DL이앤씨 38,000 38,693,623 3.38 0.36 0 14,704
383800 LX홀딩스 8,820 76,280,690 2.97 0.41 0 6,728
402340 SK스퀘어 36,250 141,467,571 3.13 0.28 0 51,282
900070 글로벌에스엠 720 53,743,968 23.23 0.38 0 387
900110 이스트아시아홀딩스 177 291,932,050 12.64 0.14 0 517
900120 씨케이에이치 209 165,850,893 2.82 0.08 0 347
900250 크리스탈신소재 967 95,891,039 7.16 0.23 0 927
900270 헝셩그룹 385 82,824,858 22.65 0.09 0 319
900280 골든센츄리 366 205,404,288 16.64 0.23 0 752
900290 GRT 2,665 67,375,000 3.84 0.25 0 1,796
900300 오가닉티코스메틱 237 185,263,481 999 0.10 0 439
900310 컬러레이 1,245 64,041,675 4.86 0.30 0 797
900340 윙입푸드 1,036 47,973,428 3.19 0.27 0 497