027410
001460
001040
000590
012030
016610
005830
004840
017940
006360
012630
024840
024120
002380
021320
001940
025000
030200
030210
003550
006260
001120
005940
004250
005490
025530
018670
001740
006120
001510
003570
000500
000860
000050
009140
013580
012200
002240
009290
030610
007690
014530
024110
005720
000320
023590
000490
004780
017650
001680
003540
005710
015230
006650
001790
001130
003830
016090
005160
007590
005960
000640
013120
006040
004890
007340
011170
002270
012700
005990
008560
001810
008420
007120
006800
003650
019010
001270
015350
008470
003960
007160
014710
006090
023600
028260
016360
029780
000810
009300
002170
000070
002810
005680
023000
002450
009770
004690
017480
010960
004450
001290
007540
017390
011370
007610
004980
000180
004360
011560
003030
016590
006880
005800
001720
002030
002310
031310
014440
009970
000670
900300
001800
031510
006980
010400
005820
030530
012620
008370
900340
000910
024800
003470
023410
001200
003460
008250
003200
001560
002620
006220
000480
001630
004650
900310
029460
003690
002020
016600
005740
015890
003240
009410
007330
005810
003380
013030
000140
010040
002200
017890
000240
015760
023350
024720
010100
014790
020000
003680
004710
004150
004960
001750
003300
002320
000880
000370
003530
900270
005440
012330
004560
011210
005380
001500
011760
001450
003010
002460
000850
005010
000540