000050 경방 14,650 27,415,270 16.21 0.49 0 4,016
000070 삼양홀딩스 90,600 8,564,271 3.07 0.39 0 7,759
000140 하이트진로홀딩스 12,850 23,206,765 6.47 0.55 0 2,982
000180 성창기업지주 2,400 69,751,600 10.67 0.28 0 1,674
000240 한국앤컴퍼니 13,500 94,935,240 5.18 0.34 0 1조2,816
000320 노루홀딩스 11,900 13,291,151 14.32 0.33 0 1,582
000370 한화손해보험 3,825 116,738,915 3.42 0.30 0 4,465
000390 삼화페인트 8,480 27,203,469 2,826.67 0.68 1.18 2,307
000480 조선내화 77,900 4,000,000 16.53 0.37 0 3,116
000490 대동 12,600 23,728,210 9.39 0.72 0 2,990
000500 가온전선 23,450 4,160,347 14.62 0.34 0 976
000540 흥국화재 3,825 64,242,645 3.66 0.35 0 2,457
000590 CS홀딩스 64,200 1,154,482 5.97 0.29 0 741
000640 동아쏘시오홀딩스 103,000 6,348,813 2.99 0.65 0 6,539
000670 영풍 667,000 1,842,040 10.36 0.33 0 1조2,286
000720 현대건설 43,100 111,355,765 28.66 0.69 0 4조7,994
000810 삼성화재 214,500 47,374,837 9.27 0.60 5.59 10조1,619
000850 화천기공 32,950 2,200,000 11.63 0.24 0 725
000860 강남제비스코 25,100 6,500,000 1.79 0.26 0 1,632
000880 한화 29,650 74,958,735 5.02 0.57 0 2조2,225
001040 CJ 83,900 29,176,998 72.70 0.54 0 2조4,480
001080 만호제강 22,850 4,150,000 34.89 0.30 0.88 948
001120 LX인터내셔널 27,200 38,760,000 3.92 0.59 8.46 1조543
001130 대한제분 162,000 1,690,000 3.19 0.30 0 2,738
001200 유진투자증권 3,210 96,866,418 3.38 0.32 0 3,109
001230 동국제강 16,100 95,432,737 3.40 0.61 0 1조5,365
001270 부국증권 24,000 10,369,886 3.79 0.33 0 2,489
001290 상상인증권 1,125 97,505,815 15.85 0.55 0 1,097
001450 현대해상 27,250 89,400,000 6.37 0.43 0 2조4,362
001500 현대차증권 11,400 31,712,562 4.75 0.38 0 3,615
001630 종근당홀딩스 69,800 5,009,861 7.56 0.64 0 3,497
001680 대상 22,900 34,648,025 8.86 0.70 0 7,934
001720 신영증권 60,800 9,386,237 6.57 0.36 6.58 5,707
001740 SK네트웍스 4,670 248,187,647 24.71 0.47 0 1조1,590
001750 한양증권 15,500 12,728,534 2.76 0.49 0 1,973
001790 대한제당 2,835 89,696,580 9.39 0.54 0 2,543
001800 오리온홀딩스 14,600 62,645,422 11.67 0.42 0 9,146
001810 무림SP 3,185 22,137,500 16.17 0.33 0 705
001880 DL건설 27,100 22,053,284 4.38 0.69 0 5,976
001940 KISCO홀딩스 15,350 18,476,380 3.92 0.23 0 2,836
002020 코오롱 29,850 12,626,426 2.22 0.45 0 3,769
002030 아세아 140,500 2,191,024 3.37 0.30 0 3,078
002140 고려산업 3,290 24,939,425 11.42 0.75 0 820
002170 삼양통상 57,300 3,000,000 3.32 0.40 0 1,719
002200 한국수출포장 24,000 4,000,000 6.28 0.35 0 960
002240 고려제강 20,800 23,000,000 4.05 0.32 0 4,784
002270 롯데푸드 335,000 1,209,055 13.59 0.41 2.98 4,050
002310 아세아제지 49,050 8,956,502 4.77 0.63 0 4,393
002320 한진 29,250 14,947,628 2.11 0.33 0 4,372
002380 KCC 368,500 8,886,471 4.65 0.55 0 3조2,747
002450 삼익악기 1,735 90,530,915 2.53 0.50 0 1,571
002460 화성산업 17,750 12,450,800 12.88 0.53 0 2,210
002620 제일파마홀딩스 13,500 15,973,355 32.85 0.50 0 2,156
002810 삼영무역 13,750 18,466,948 6.71 0.59 0 2,539
003010 혜인 5,950 12,712,747 8.81 0.58 0 756
003030 세아제강지주 104,000 4,141,657 3.14 0.36 0 4,307
003200 일신방직 124,000 2,400,000 5.75 0.37 0 2,976
003240 태광산업 1,050,000 1,113,400 4.61 0.23 0 1조1,691
003300 한일홀딩스 12,550 28,815,780 5.90 0.28 0 3,616
003380 하림지주 9,360 92,341,820 3.61 0.35 0 8,643
003460 유화증권 2,545 56,702,415 22.52 0.32 0 1,443
003470 유안타증권 3,660 199,596,576 3.23 0.48 0 7,305
003540 대신증권 17,000 50,773,400 2.32 0.44 0 8,631
003550 LG 76,600 157,300,993 5.05 0.58 0 12조493
003570 SNT중공업 8,210 33,252,697 4.36 0.27 4.87 2,730
003610 방림 2,845 42,314,090 16.26 0.55 1.58 1,204
003650 미창석유 75,400 1,739,672 4.71 0.39 0 1,312
003680 한성기업 6,250 6,209,515 32.05 0.66 0 388
003690 코리안리 10,500 120,369,116 8.05 0.43 0 1조2,639
003830 대한화섬 126,000 1,328,000 8.94 0.23 0 1,673
003960 사조대림 28,300 9,164,467 4.40 0.50 0 2,594
004150 한솔홀딩스 3,310 42,008,577 2.39 0.27 0 1,390
004360 세방 11,350 19,308,690 5.28 0.28 0 2,192
004450 삼화왕관 43,750 2,154,379 30.68 0.55 0 943
004540 깨끗한나라 4,430 37,240,693 12.59 0.76 0 1,650
004560 현대비앤지스틸 16,100 15,078,811 3.81 0.51 0 2,428
004590 한국가구 5,960 15,000,000 6.74 0.76 0 894
004690 삼천리 96,400 4,055,025 5.06 0.24 0 3,909
004710 한솔테크닉스 6,770 32,109,878 94.03 0.74 0 2,174
004780 대륙제관 5,100 15,903,199 7.37 0.67 0 811
004840 DRB동일 5,150 19,930,000  0.28 0 1,026
004960 한신공영 16,250 11,570,702 2.60 0.30 0 1,880
004980 성신양회 14,300 24,516,073 56.08 0.90 0 3,506
005010 휴스틸 15,900 7,837,615 3.03 0.27 0 1,246
005160 동국산업 3,255 54,244,482 7.88 0.42 0 1,766
005380 현대차 183,500 213,668,187 9.30 0.64 2.72 39조2,081
005440 현대그린푸드 8,200 97,704,482 10.11 0.38 0 8,012
005490 POSCO 280,500 87,186,835 4.20 0.43 6.06 24조4,559
005680 삼영전자 10,900 20,000,000 13.29 0.43 0 2,180
005710 대원산업 6,360 20,037,600 3.25 0.36 0 1,274
005720 넥센 4,230 53,543,977 6.49 0.21 0 2,265
005740 크라운해태홀딩스 9,080 14,847,347 9.38 0.46 0 1,348
005800 신영와코루 117,500 900,000 18.53 0.33 1.28 1,058
005810 풍산홀딩스 28,450 10,409,528 1.96 0.32 4.92 2,962
005820 원림 21,550 2,297,970 47.68 0.42 0 495
005830 DB손해보험 63,800 70,800,000 5.67 0.59 0 4조5,170
005940 NH투자증권 11,850 297,033,887 4.35 0.55 0 3조5,199
005960 동부건설 13,750 22,872,976 2.98 0.58 0 3,145
005990 매일홀딩스 9,300 13,718,304 2.80 0.36 0 1,276
006040 동원산업 229,000 3,677,641 4.11 0.55 0 8,422
006090 사조오양 10,200 9,422,739 8.63 0.50 0 961
006120 SK디스커버리 41,350 19,037,855 4.30 0.35 0 7,872
006220 제주은행 6,840 32,128,774 9.43 0.42 1.46 2,198
006260 LS 50,000 32,200,000 6.28 0.40 0 1조6,100
006360 GS건설 40,250 85,581,490 9.80 0.75 3.23 3조4,447
006650 대한유화 165,500 6,500,000 5.15 0.50 0 1조758
006800 미래에셋증권 8,930 635,316,408 6.11 0.54 3.36 5조6,734
006880 신송홀딩스 5,150 11,828,858 9.75 0.60 0 609
006980 우성 27,100 3,090,000 11.34 0.39 0 837
007120 미래아이앤지 420 129,484,148 23.33 0.59 0 544
007160 사조산업 46,600 5,000,000 10.59 0.54 0 2,330
007330 푸른저축은행 14,150 15,082,800 8.17 0.57 4.59 2,134
007540 샘표 41,900 2,875,800 10.43 0.49 0 1,205
007590 동방아그로 6,830 13,617,577 13.91 0.57 0 930
007610 선도전기 3,035 18,000,000  0.61 0 546
007690 국도화학 55,300 9,010,616 3.25 0.62 0 4,983
007700 F&F홀딩스 29,500 39,114,367 0.24 0.61 0 1조1,539
008110 대동전자 8,520 10,490,447 13.07 0.44 0 894
008250 이건산업 10,800 10,952,635 9.33 0.59 0 1,183
008370 원풍 5,000 12,000,000 21.55 0.75 0 600
008420 문배철강 4,230 20,503,505 3.76 0.60 0 867
008470 부스타 5,480 8,404,800 13.94 0.57 1.10 461
008870 금비 63,400 1,000,000 17.15 0.49 2.52 634
009290 광동제약 6,980 52,420,851 34.38 0.58 0 3,659
009300 삼아제약 17,100 6,370,000 610.71 0.62 0 1,089
009410 태영건설 10,400 38,899,098  0.59 0 4,046
009680 모토닉 9,120 33,000,000 18.02 0.48 4.39 3,010
009770 삼정펄프 27,700 2,499,971 48.68 0.33 0 692
009970 영원무역홀딩스 50,300 13,635,592 4.19 0.37 0 6,859
010040 한국내화 3,370 41,067,062 13.64 0.50 0 1,384
010100 한국프랜지 2,665 30,450,420 4.20 0.33 0 812
010400 우진아이엔에스 6,990 7,622,000 112.74 0.49 0 533
010960 삼호개발 4,750 25,000,000 6.68 0.49 4.00 1,188
011170 롯데케미칼 219,000 34,275,419 5.51 0.52 3.79 7조5,063
011210 현대위아 67,600 27,195,083 50.37 0.55 0 1조8,384
011370 서한 1,515 100,894,865 4.33 0.44 0 1,529
011560 세보엠이씨 6,680 10,530,000 8.18 0.42 0 703
011760 현대코퍼레이션 16,450 13,228,966 4.39 0.57 3.65 2,176
012030 DB 900 201,173,933 16.07 0.49 0 1,811
012200 계양전기 3,795 32,600,000 19.97 0.64 0 1,237
012320 경동인베스트 34,900 2,365,023 5.68 0.18 0 825
012330 현대모비스 230,000 94,573,094 9.26 0.60 0 21조7,518
012620 원일특강 13,650 4,400,000 3.20 0.43 0 601
012630 HDC 7,690 59,741,721 2.59 0.18 0 4,594
012700 리드코프 8,270 26,446,135 5.45 0.51 0 2,187
013030 하이록코리아 16,750 13,613,232 21.02 0.63 0 2,280
013120 동원개발 4,815 90,808,100 3.91 0.46 0 4,372
013580 계룡건설 31,400 8,930,907 2.48 0.44 0 2,804
014440 영보화학 4,060 20,000,000 20.40 0.52 0 812
014530 극동유화 3,935 34,869,420 11.47 0.73 0 1,372
014710 사조씨푸드 5,520 17,218,543 11.40 0.41 0 950
014790 한라 5,190 37,858,601 2.03 0.61 0 1,965
015230 대창단조 8,230 14,286,115 5.91 0.52 0 1,176
015760 한국전력 22,000 641,964,077  0.21 0 14조1,232
015860 일진홀딩스 4,710 49,347,483 13.85 0.52 0 2,324
015890 태경산업 6,530 29,228,750 13.41 0.76 0 1,909
016090 대현 2,490 44,282,310 9.29 0.52 0 1,103
016360 삼성증권 42,550 89,300,000 4.01 0.64 8.93 3조7,997
016450 한세예스24홀딩스 6,640 40,000,000 3.77 0.53 0 2,656
016590 신대양제지 91,300 4,029,782 7.37 0.67 0 3,679
016600 큐캐피탈 591 177,897,598 26.86 0.74 0 1,051
016610 DB금융투자 6,520 42,446,389 1.95 0.30 0 2,768
016740 두올 3,750 33,066,680 8.93 0.64 0 1,240
017480 삼현철강 6,360 15,702,890 4.37 0.58 4.72 999
017650 대림제지 11,650 9,000,000 5.32 0.52 0.86 1,048
017890 한국알콜 10,900 21,605,760 4.97 0.54 0 2,355
017940 E1 47,550 6,860,000 2.13 0.21 4.63 3,262
018670 SK가스 123,000 9,230,244 4.58 0.52 4.15 1조1,353
019010 베뉴지 2,155 48,200,000 2.47 0.29 1.39 1,039
020400 대동금속 10,000 3,189,166 33.78 0.76 0 319
021320 KCC건설 8,360 21,400,000 3.85 0.38 0 1,789
021820 세원정공 8,090 10,000,000 4.18 0.18 0.31 809
023000 삼원강재 2,980 40,000,000 14.06 0.55 3.52 1,192
023350 한국종합기술 6,840 10,950,000 6.56 0.50 0 749
023410 유진기업 4,550 77,310,863 10.16 0.38 0 3,518
023460 CNH 2,235 37,200,000 3.74 0.58 0 831
023590 다우기술 21,250 44,866,617 2.73 0.48 0 9,534
023600 삼보판지 14,600 16,170,000 4.25 0.54 0 2,361
024110 기업은행 10,850 744,300,587 4.02 0.30 0 8조757
024120 KB오토시스 6,210 11,500,000 16.26 0.68 0 714
024720 한국콜마홀딩스 18,650 18,576,719 4.18 0.59 0 3,465
024800 유성티엔에스 2,995 31,278,618 1.96 0.29 0 937
024840 KBI메탈 2,010 32,950,848  0.69 0 662
025000 KPX케미칼 51,900 4,840,000 4.27 0.44 0 2,512
025530 SJM홀딩스 3,435 14,934,008 7.82 0.30 0 513
026940 부국철강 4,130 20,000,000 10.20 0.68 0 826
027410 BGF 4,925 95,716,791 10.24 0.30 0 4,714
028260 삼성물산 107,000 186,887,081 12.17 0.60 3.92 19조9,969
029460 케이씨 20,100 13,554,044 7.01 0.41 0 2,724
029780 삼성카드 32,200 115,858,891 7.94 0.46 7.14 3조7,307
030200 KT 31,900 261,111,808 8.15 0.52 0 8조3,295
030210 KTB투자증권 5,230 60,314,092 2.25 0.43 0 3,154
030530 원익홀딩스 4,635 77,237,981 3.72 0.37 0 3,580
030610 교보증권 7,970 64,653,296 3.21 0.37 6.27 5,153
031310 아이즈비전 3,930 16,439,898 2.85 0.49 0 646
031510 오스템 2,110 28,000,000  0.48 0 591
032190 다우데이타 13,650 38,300,000 3.49 0.57 0 5,228
032560 황금에스티 8,440 16,000,000 5.22 0.46 0 1,350
032750 삼진 9,280 6,000,000 6.21 0.72 0.90 557
032830 삼성생명 64,500 200,000,000 8.25 0.31 4.65 12조9,000
032940 원익 4,095 18,193,230 0.57 0.35 0 745
033920 무학 8,900 28,500,000 117.11 0.48 0 2,536
034300 신세계건설 32,600 4,000,000 4.15 0.59 2.61 1,304
034590 인천도시가스 26,350 4,374,754 12.36 0.58 4.74 1,153
034810 해성산업 14,100 26,356,298 6.36 0.48 0 3,716
034830 한국토지신탁 2,445 252,489,230 4.91 0.56 0 6,173
035760 CJENM 136,400 21,929,154 21.40 0.76 0 2조9,911
035810 이지홀딩스 3,995 65,145,845 4.44 0.48 0 2,603
035890 서희건설 1,620 229,808,457 2.24 0.56 0 3,723
036190 금화피에스시 30,250 6,000,000 5.76 0.65 0 1,815
036530 SNT홀딩스 16,450 16,303,886 3.52 0.25 4.26 2,682
036560 영풍정밀 8,960 15,750,000 13.16 0.44 0 1,411
036830 솔브레인홀딩스 29,900 20,964,056 9.18 0.57 0 6,268
037330 인지디스플레 2,830 43,885,224 10.40 0.64 0 1,242
037350 성도이엔지 5,220 15,470,000 0.95 0.30 2.87 808
037400 우리조명 2,390 26,223,346 7.33 0.62 0 627
037460 삼지전자 10,800 16,318,522 6.73 0.68 0 1,762
037710 광주신세계 174,500 1,600,000 5.58 0.38 4.87 2,792
038950 파인디지털 7,820 10,210,765 33.28 0.69 0 798
039610 화성밸브 5,410 10,410,400 32.20 0.74 0 563
040300 YTN 3,420 42,000,000 14.07 0.75 0 1,436
040610 SG&G 2,235 34,087,196 2.75 0.26 0 762
041520 이라이콤 7,740 12,188,730  0.45 0 943
042660 대우조선해양 21,850 107,290,669  0.91 0 2조3,443
042670 현대두산인프라코어 6,500 197,434,567 5.56 0.80 0 1조2,833
043360 디지아이 3,320 9,000,000  0.65 0 299
043370 피에이치에이 9,400 21,000,000 4.53 0.30 0 1,974
045100 한양이엔지 15,100 18,000,000 8.55 0.66 3.64 2,718
049430 코메론 9,970 9,048,000 5.16 0.51 0 902
049830 승일 12,700 6,132,112 32.99 0.52 0 779
050860 아세아텍 2,795 22,500,000 11.09 0.59 1.79 629
051390 YW 4,200 11,355,368 16.60 0.49 2.38 477
053210 스카이라이프 8,660 47,821,966 7.77 0.53 0 4,141
053620 태양 8,610 8,600,000 20.02 0.41 0 740
054040 한국컴퓨터 5,050 16,071,290 4.47 0.70 0 812
054050 농우바이오 10,700 16,030,561 23.78 0.71 0 1,715
054540 삼영엠텍 4,470 13,000,000 22.13 0.60 0 581
054800 아이디스홀딩스 13,000 10,347,756 12.73 0.51 0 1,345
054930 유신 16,900 3,000,000 5.66 0.57 0 507
055550 신한지주 40,250 516,599,554 5.34 0.46 0 20조7,931
056360 코위버 8,060 9,796,800 29.31 0.62 0 790
057050 현대홈쇼핑 62,400 12,000,000 5.15 0.37 3.85 7,488
058850 KTcs 2,280 42,685,000 5.69 0.52 0 973
058860 KTis 2,300 34,802,000 9.75 0.42 0 800
060980 한라홀딩스 41,700 10,472,070 3.35 0.41 0 4,367
066900 디에이피 4,075 22,744,503 21.22 0.66 0 927
067830 세이브존I&C 2,935 41,040,895 12.08 0.24 0 1,205
068790 DMS 6,460 24,573,061 2.99 0.62 0 1,587
069510 에스텍 8,510 10,910,000 47.02 0.45 0 928
069730 DSR제강 4,595 14,400,000 16.83 0.44 0 662
069960 현대백화점 75,500 23,402,441 11.42 0.38 0 1조7,669
071320 지역난방공사 36,050 11,578,744 9.56 0.23 0 4,174
071840 롯데하이마트 23,200 23,607,712 55.50 0.27 4.31 5,477
071970 STX중공업 4,515 28,365,976  0.91 0 1,281
072470 우리산업홀딩스 5,120 18,887,341 16.95 0.72 0 967
072710 농심홀딩스 75,500 4,637,790 6.80 0.34 0 3,502
072870 메가스터디 12,700 11,920,959 7.17 0.52 0 1,514
072950 빛샘전자 7,420 6,230,859 15.11 0.71 1.35 462
073560 우리손에프앤지 2,170 69,237,643 5.49 0.65 0 1,502
078000 텔코웨어 10,300 9,702,706  0.55 4.85 999
078020 이베스트투자증권 7,620 55,481,190 3.16 0.57 0 4,228
079000 와토스코리아 5,990 7,200,000 27.23 0.59 0 431
079430 현대리바트 13,650 20,535,282 20.10 0.56 0 2,803
079960 동양이엔피 17,500 7,860,000 9.44 0.52 0 1,376
079980 휴비스 7,390 34,500,000 3.80 0.51 0 2,550
080010 이상네트웍스 7,360 9,015,000 22.65 0.64 0 664
080520 오디텍 7,490 11,746,609 8.21 0.64 0 880
082640 동양생명 6,360 161,358,585 3.79 0.33 0 1조262
083550 케이엠 8,000 10,755,114 11.40 0.67 0 860
084690 대상홀딩스 9,120 36,212,538 6.48 0.48 0 3,303
085620 미래에셋생명 3,860 177,016,189 25.39 0.31 0 6,833
086790 하나금융지주 47,150 300,242,062 4.40 0.41 0 14조1,564
088130 동아엘텍 9,650 10,662,938 59.57 0.56 0 1,029
088350 한화생명 3,195 868,530,000 3.63 0.21 0 2조7,750
089470 HDC현대EP 4,890 31,900,000 9.16 0.45 0 1,560
090350 노루페인트 11,200 20,000,000 15.69 0.66 0 2,240
091590 남화토건 8,010 11,740,000 8.38 0.64 0 940
092230 KPX홀딩스 61,300 4,224,646 1.84 0.30 0 2,590
092440 기신정기 4,585 29,200,000 11.10 0.54 3.27 1,339
093050 LF 16,800 29,240,000 5.31 0.36 0 4,912
093380 풍강 4,215 9,879,313 13.73 0.63 2.37 416
093920 서원인텍 6,240 18,600,000 9.43 0.66 5.61 1,161
094840 슈프리마에이치큐 7,830 10,471,840 9.97 0.46 0 820
097780 에스맥 747 283,520,250  0.66 0 2,118
100250 진양홀딩스 3,815 55,895,292 20.85 0.64 4.46 2,132
100840 SNT에너지 17,650 7,506,711 10.30 0.45 4.53 1,325
101530 해태제과식품 7,790 29,116,822 15.24 0.77 0 2,268
102260 동성케미컬 4,720 49,689,728 147.50 0.70 0 2,345
103140 풍산 31,400 28,024,278 3.98 0.54 3.18 8,800
103590 일진전기 4,790 37,080,390 11.86 0.55 0 1,776
105560 KB금융 62,900 415,807,920 6.01 0.52 4.67 26조1,543
108380 대양전기공업 14,950 9,567,333 14.02 0.62 0 1,430
115310 인포바인 23,700 3,192,883 11.92 0.55 0 757
123410 코리아에프티 3,070 27,841,064 5.77 0.64 0 855
123700 SJM 4,300 15,604,898 7.64 0.37 0 671
123890 한국자산신탁 3,780 123,977,752 4.19 0.56 5.82 4,686
127710 아시아경제 3,760 30,206,408 6.30 0.63 0 1,136
128820 대성산업 4,320 45,235,478 4.63 0.31 0 1,954
129260 인터지스 3,240 29,747,874 4.68 0.45 0 964
130740 티피씨글로벌 3,505 11,276,679 20.26 0.59 0.86 395
136490 선진 11,600 23,779,604 4.19 0.67 0 2,758
138930 BNK금융지주 8,510 325,935,246 3.40 0.30 0 2조7,737
139130 DGB금융지주 9,780 169,145,833 3.49 0.30 0 1조6,542
139480 이마트 139,500 27,875,819 2.81 0.38 0 3조8,887
145990 삼양사 63,100 10,313,449 13.66 0.49 1.98 6,508
155660 DSR 5,450 16,000,000 6.89 0.50 0 872
161390 한국타이어앤테크놀로지 35,650 123,875,069 6.69 0.53 0 4조4,161
163560 동일고무벨트 7,000 13,900,000 21.88 0.48 0 973
175330 JB금융지주 8,490 196,982,894 3.50 0.41 0 1조6,724
183190 아세아시멘트 137,000 3,895,809 6.53 0.61 0 5,337
204020 그리티 2,575 20,147,430  0.72 0 519
212560 네오오토 7,530 7,874,963 9.46 0.68 0 593
213500 한솔제지 12,150 23,800,576 19.29 0.45 4.94 2,892
227840 현대코퍼레이션홀딩스 10,750 9,100,836 5.02 0.48 4.65 978
237750 피앤씨테크 7,270 6,496,600 16.64 0.73 0 472
264900 크라운제과 9,200 12,523,850 9.59 0.73 0 1,152
267290 경동도시가스 22,200 5,895,406 5.12 0.35 0 1,309
280360 롯데제과 120,500 6,416,717 13.71 0.61 1.33 7,732
282690 동아타이어 10,950 13,733,015 9.06 0.40 0 1,504
900270 헝셩그룹 435 80,000,000  0.11 0 348
900290 GRT 1,430 67,375,000 2.19 0.16 0 963
900300 오가닉티코스메틱 430 120,337,029  0.12 0 517
900310 컬러레이 1,330 54,000,000 2.96 0.33 0 718
900340 윙입푸드 1,180 47,973,428 2.55 0.37 0 566