000050
000070
000120
000140
000150
000180
000210
000240
000320
000370
000390
000400
000480
000490
000500
000540
000590
000640
000680
000670
000700
000720
000810
000850
000860
000880
000910
000950
000970
001040
001080
001120
001130
001200
001230
001250
001270
001290
001430
001450
001500
001510
001520
001630
001680
001720
001740
001750
001790
001800
001810
001880
001940
002020
002030
002140
002170
002200
002220
002230
002240
002310
002320
002350
002390
002450
002460
002690
002810
002920
002990
003010
003030
003080
003200
003240
003300
003380
003460
003470
003530
003540
003550
003570
003610
003650
003690
003830
003960
004020
004150
004170
004360
004450
004490
004540
004560
004590
004690
004780
004800
004960
004970
004980
004990
005010
005160
005380
005440
005490
005680
005710
005720
005740
005750
005800
005810
005820
005830
005880
005940
005960
005990
006040
006090
006120
006200
006220
006260
006360
006650
006800
006880
007070
007160
007330
007540
007590
007680
007690
007700
007770
007860
008110
008250
008370
008420
008470
008870
009070
009140
009160
009270
009290
009300
009410
009440
009580
009680
009770
009830
009970
010040
010100
010400
010660
010960
011170
011210
011370
011560
011760
012030
012160
012200
012320
012330
012620
012630
012700
012800
012860
013030
013120
013310
013580
013870
014100
014280
014440
014530
014710
014790
015230
015360
015750
015860
015890
016090
016250
016360
016450
016590
016610
016740
016800
017480
017650
017890
017900
017940
018670
019010
019180
019440
020000
020400
021050
021320
021820
023000
023160
023350
023410
023460
023590
023600
023760
024110
024120
024720
024800
024830
025000
025530
025560
025750
026940
027410
028260
029460
029530
029780
030200
030210
030530
030610
031310
031510
032190
032560
032640
032750
032830
032940
033160
033560
033920
034220
034300
034590
034810
034830
035000
035610
035760
035810
035890
036170
036190
036460
036530
036560
036580
036830
037330
037350
037400
037460
037560
037710
038010
038110
038500
038540
038950
039020
039310
039490
039610
039980
040300
040610
041520
041650
042420
042670
043370
043650
044490
044780
044820
045060
045100
047040
048470
049430
049830
050120
050760
050860
051390
052790
053210
053280
053620
053700
054040
054050
054540
054800
054930
055550
056360
057050
058400
058650
058850
058860
060380
060980
064800
065690
066620
066670
066900
067830
067990
068790
069730
069960
070960
071050
071090
071320
072470
072710
072870
072950
073560
075130
075180
078000
078020
078930
079000
079430
079650
079960
079980
080010
080520
081580
082640
083550
084010
084110
084690
085620
086790
087600
088130
088350
088790
089470
090350
091340
091590
092230
092440
092780
093050
093190
093380
093920
094840
100220
100250
100840
101330
101530
102260
103140
103590
104480
104700
105560
108380
108670
111110
114630
115310
115390
120110
121440
121800
122990
123410
123700
123890
126560
126640
127710
129260
130740
136490
138070
138930
139130
139480
140910
145270
145990
155660
161000
161390
163560
175330
181710
183190
190650
192400
192440
198080
200880
210540
212560
213500
215790
221980
227840
228340
237750
264900
267270
267290
280360
282690
294870
298040
300720
306200
316140
344820
347740
363280
375500
383800
402340
900070
900110
900120
900250
900270
900280
900290
900300
900310
900340