000050 경방 15,900 27,415,270 19.56 0.53 0.79 4,359
000070 삼양홀딩스 86,200 8,564,271 3.22 0.38 3.48 7,382
000120 CJ대한통운 122,500 22,812,344 51.04 0.69 0 27,945
000140 하이트진로홀딩스 14,100 23,206,765 10.23 0.60 3.19 3,272
000180 성창기업지주 2,935 69,751,600 33.74 0.35 0 2,047
000210 DL 62,200 20,955,884 1.50 0.36 3.06 13,035
000240 한국앤컴퍼니 14,500 94,935,240 6.95 0.37 4.14 13,766
000320 노루홀딩스 12,100 13,291,151 102.54 0.34 3.72 1,608
000370 한화손해보험 4,690 116,738,915 4.49 0.39 0 5,475
000390 삼화페인트 9,620 27,203,469  999 1.04 2,617
000400 롯데손해보험 1,995 310,336,320 5.17 0.62 0 6,191
000480 조선내화 82,300 4,000,000 13.14 0.40 5.47 3,292
000490 대동 15,300 23,728,210 10.82 0.90 0.52 3,630
000500 가온전선 26,150 4,160,347 18.59 0.38 1.61 1,088
000540 흥국화재 3,985 64,242,645 4.19 0.38 0 2,560
000590 CS홀딩스 67,600 1,154,482 5.32 0.30 0.74 780
000640 동아쏘시오홀딩스 113,500 6,348,913 11.80 0.74 1.32 7,206
000680 LS네트웍스 3,810 78,803,016 5.00 0.51 0 3,002
000670 영풍 680,000 1,842,040 10.09 0.34 1.47 12,526
000720 현대건설 44,750 111,355,765 12.26 0.70 1.34 49,832
000810 삼성화재 206,000 47,374,837 9.28 0.57 5.82 97,592
000850 화천기공 35,750 2,200,000 8.45 0.26 2.80 786
000860 강남제비스코 25,850 6,500,000 3.72 0.28 1.93 1,680
000880 한화 29,600 74,958,735 3.22 0.56 2.53 22,188
000950 전방 54,700 1,680,000 575.79 0.43 0 919
000970 한국주철관 10,550 22,800,500 3.66 0.67 3.79 2,405
001040 CJ 87,000 29,176,998 11.28 0.58 2.64 25,384
001080 만호제강 27,450 4,150,000 34.36 0.35 0.73 1,139
001120 LX인터내셔널 38,450 38,760,000 4.26 0.78 5.98 14,903
001130 대한제분 190,000 1,690,000 3.67 0.36 1.32 3,211
001200 유진투자증권 3,270 96,866,418 3.49 0.32 4.28 3,168
001230 동국제강 19,350 95,432,737 3.35 0.68 2.07 18,466
001270 부국증권 24,700 10,369,886 4.27 0.33 6.48 2,561
001290 상상인증권 1,200 107,456,063 12.90 0.59 0 1,289
001430 세아베스틸지주 18,450 35,862,119 3.56 0.36 8.13 6,617
001450 현대해상 31,200 89,400,000 6.45 0.49 4.74 27,893
001500 현대차증권 10,900 31,712,562 3.59 0.36 7.34 3,457
001510 SK증권 866 472,590,171 10.31 0.60 1.73 4,093
001520 동양 1,570 238,684,063 23.09 0.39 2.55 3,747
001630 종근당홀딩스 69,700 5,009,861 21.84 0.64 2.01 3,492
001680 대상 25,200 34,648,025 6.30 0.74 3.17 8,731
001720 신영증권 57,800 9,386,237 10.38 0.34 6.92 5,425
001740 SK네트웍스 4,840 248,187,647 12.19 0.48 2.48 12,012
001750 한양증권 13,650 12,728,534 2.28 0.42 6.59 1,737
001790 대한제당 5,360 89,696,580 25.52 1.01 2.05 4,808
001800 오리온홀딩스 14,750 62,645,422 10.74 0.42 4.41 9,240
001810 무림SP 3,860 22,137,500 20.32 0.41 0.65 854
001880 DL건설 27,300 22,053,284 3.62 0.66 2.75 6,021
001940 KISCO홀딩스 18,500 16,176,380 3.01 0.27 2.16 2,993
002020 코오롱 27,600 12,626,426 2.72 0.43 1.99 3,485
002030 아세아 159,500 2,191,024 3.33 0.32 1.88 3,495
002140 고려산업 7,390 24,939,425 40.83 1.71 0.54 1,843
002170 삼양통상 57,800 3,000,000 5.23 0.41 2.16 1,734
002200 한국수출포장 26,200 4,000,000 6.61 0.38 2.67 1,048
002230 피에스텍 4,465 19,669,243 13.78 0.55 3.36 878
002240 고려제강 28,450 23,000,000 5.04 0.43 1.05 6,544
002310 아세아제지 44,300 8,956,502 4.36 0.56 2.03 3,968
002320 한진 32,700 14,947,628 3.08 0.39 1.84 4,888
002350 넥센타이어 6,910 97,667,877 150.22 0.44 1.52 6,749
002450 삼익악기 1,730 90,530,915 6.36 0.56 2.89 1,566
002460 화성산업 22,250 12,450,800 9.27 0.65 4.49 2,770
002690 동일제강 5,070 20,300,360 10.67 0.65 0.39 1,029
002810 삼영무역 14,300 18,466,948 6.55 0.60 3.85 2,641
002920 유성기업 3,125 25,947,500 10.15 0.29 3.84 811
002990 금호건설 10,500 36,633,924 2.62 0.58 7.62 3,847
003010 혜인 6,330 12,712,747 14.76 0.61 2.05 805
003030 세아제강지주 156,000 4,141,657 3.67 0.52 1.12 6,461
003080 성보화학 4,550 20,020,000 66.91 0.66 2.64 911
003200 일신방직 124,000 2,400,000 4.73 0.36 2.42 2,976
003240 태광산업 1,016,000 1,113,400 3.56 0.22 0.17 11,312
003300 한일홀딩스 13,450 30,832,884 9.22 0.30 3.82 4,147
003380 하림지주 10,950 112,005,621 3.24 0.39 0.91 12,265
003460 유화증권 2,585 56,702,415 20.04 0.32 5.03 1,466
003470 유안타증권 3,550 199,596,576 5.01 0.48 5.07 7,086
003530 한화투자증권 4,760 214,547,775 7.25 0.56 4.20 1212
003540 대신증권 17,300 50,773,400 2.43 0.44 8.09 8,784
003550 LG 73,800 157,300,993 4.76 0.56 3.79 116,088
003570 SNT중공업 9,050 33,252,697 5.10 0.31 4.42 3,009
003610 방림 3,925 42,314,090 22.43 0.75 1.15 1,661
003650 미창석유 81,800 1,739,672 4.29 0.41 3.06 1,423
003690 코리안리 9,870 120,369,116 7.75 0.40 5.32 11,880
003830 대한화섬 127,000 1,328,000 6.92 0.19 0.59 1,687
003960 사조대림 34,000 9,164,467 4.97 0.59 0.88 3,116
004020 현대제철 44,050 133,445,785 4.02 0.32 2.27 58,783
004150 한솔홀딩스 3,555 42,008,577 6.92 0.29 3.38 1,493
004170 신세계 246,500 9,845,181 7.91 0.65 1.22 24,268
004360 세방 12,200 19,308,690 5.35 0.30 1.64 2,356
004450 삼화왕관 44,800 2,154,379 67.88 0.57 2.79 965
004540 깨끗한나라 4,905 37,240,693 22.09 0.80 0 1,827
004560 현대비앤지스틸 18,250 15,078,811 3.97 0.56 0.55 2,752
004590 한국가구 7,580 15,000,000 5.20 0.88 2.31 1,137
004690 삼천리 113,000 4,055,025 7.70 0.29 2.65 4,582
004780 대륙제관 5,720 15,903,199 11.97 0.75 1.75 910
004800 효성 83,000 21,071,025 3.99 0.63 7.83 17,489
004960 한신공영 18,050 11,570,702 4.31 0.31 1.94 2,089
004970 신라교역 13,200 16,000,000 4.74 0.38 3.79 2,112
004980 성신양회 13,200 24,516,073 51.76 0.79 1.51 3,236
004990 롯데지주 34,300 104,909,237 11.77 0.35 4.37 35,984
005010 휴스틸 25,400 7,837,615 5.15 0.32 3.15 1,991
005160 동국산업 3,515 54,244,482 9.68 0.46 3.70 1,907
005380 현대차 187,000 213,668,187 10.48 0.65 2.67 399,560
005440 현대그린푸드 9,170 97,704,482 20.61 0.44 2.29 8,960
005490 POSCO홀딩스 293,000 87,186,835 3.86 0.44 5.80 255,457
005680 삼영전자 10,800 20,000,000 12.69 0.42 2.78 2,160
005710 대원산업 6,400 20,037,600 3.92 0.34 1.95 1,282
005720 넥센 4,540 53,543,977 8.99 0.23 2.20 2,431
005740 크라운해태홀딩스 10,350 14,847,347 36.32 0.55 0.97 1,537
005800 신영와코루 13,150 9,000,000 18.24 0.37 1.14 1,184
005810 풍산홀딩스 30,250 10,409,528 1.83 0.33 4.63 3,149
005820 원림 22,450 2,297,970 36.62 0.43 1.11 516
005830 DB손해보험 66,000 70,800,000 5.37 0.60 5.30 46,728
005880 대한해운 2,730 319,177,460 3.23 0.66 0 8,714
005940 NH투자증권 10,800 331,665,921 3.52 0.50 9.72 35,820
005960 동부건설 13,150 22,872,976 2.58 0.54 6.84 3,008
005990 매일홀딩스 10,750 13,718,304 3.25 0.41 1.39 1,475
006040 동원산업 245,500 3,677,641 5.34 0.58 2.04 9,029
006090 사조오양 11,300 9,422,739 6.75 0.54 1.77 1,065
006120 SK디스커버리 42,200 19,037,855 4.04 0.35 3.56 8,034
006200 한국전자홀딩스 1,805 46,803,136 3.63 0.62 0 845
006220 제주은행 6,280 32,128,774 10.94 0.39 1.59 2,018
006260 LS 57,500 32,200,000 6.67 0.45 2.52 18,515
006360 GS건설 42,300 85,581,490 8.83 0.78 3.07 36,201
006650 대한유화 152,000 6,500,000 6.59 0.46 2.30 9,880
006800 미래에셋증권 8,060 615,316,408 5.53 0.48 3.72 49,594
006880 신송홀딩스 12,200 11,828,858 19.46 1.40 0.98 1,443
007070 GS리테일 29,700 104,717,922 3.31 0.75 4.04 31,101
007160 사조산업 56,000 5,000,000 6.25 0.62 0.54 2,800
007330 푸른저축은행 12,200 15,082,800 7.58 0.49 5.33 1,840
007540 샘표 79,500 2,875,800 19.25 0.92 0.25 2,286
007590 동방아그로 8,120 13,617,577 15.80 0.69 4.31 1,106
007680 대원 10,150 13,446,474 4.31 0.42 2.96 1,365
007690 국도화학 55,400 9,010,616 2.82 0.60 3.97 4,992
007700 F&F홀딩스 26,150 39,114,367 0.30 0.53 0.65 1228
007770 한일화학 20,500 3,510,000 3.17 0.64 0.58 720
007860 서연 8,190 23,479,844 8.12 0.38 1.22 1,923
008110 대동전자 8,090 10,490,447 8.58 0.40 0 849
008250 이건산업 13,050 10,952,635 12.25 0.73 1.53 1,429
008370 원풍 5,710 12,000,000 13.22 0.83 2.98 685
008420 문배철강 5,360 20,503,505 4.33 0.73 1.40 1,099
008470 부스타 6,180 8,404,800 22.97 0.63 0.97 519
008870 금비 68,500 1,000,000  999 2.34 685
009140 경인전자 29,350 1,570,797 12.46 0.64 0.85 461
009270 신원 1,925 95,568,813 13.95 0.72 2.60 1,840
009290 광동제약 7,280 52,420,851 15.90 0.60 1.37 3,816
009300 삼아제약 19,100 6,370,000 35.90 0.68 1.31 1,217
009410 태영건설 9,890 38,899,098 5.29 0.56 3.54 3,847
009440 KC그린홀딩스 4,260 22,434,980 35.21 0.59 1.64 956
009580 무림P&P 5,190 62,368,324 17.42 0.53 2.41 3,237
009680 모토닉 9,050 33,000,000 24.93 0.47 4.42 2,986
009770 삼정펄프 29,900 2,499,971 9.82 0.35 3.34 747
009830 한화솔루션 31,900 191,278,497 9.65 0.75 0 61,018
009970 영원무역홀딩스 52,400 13,635,592 3.24 0.37 3.82 7,145
010040 한국내화 3,985 41,067,062 25.22 0.56 0.88 1,637
010100 한국프랜지 3,130 30,450,420 5.11 0.37 2.88 953
010400 우진아이엔에스 7,680 7,622,000  999 1.30 585
010660 화천기계 3,315 22,000,000 13.53 0.52 0.30 729
010960 삼호개발 5,210 25,000,000 9.35 0.53 3.65 1,302
011170 롯데케미칼 198,000 34,275,419 5.04 0.47 4.19 67,865
011210 현대위아 66,100 27,195,083 28.84 0.54 1.06 17,976
011370 서한 1,725 100,894,865 3.75 0.48 2.32 1,740
011560 세보엠이씨 7,300 10,530,000 6.60 0.45 3.42 769
011760 현대코퍼레이션 18,250 13,228,966 6.39 0.61 3.29 2,414
012030 DB 988 201,173,933 9.15 0.43 0 1,988
012160 영흥 1,080 101,310,372 18.95 0.45 0 1,094
012200 계양전기 3,585 32,600,000  999 0.98 1,169
012320 경동인베스트 38,000 2,365,023 6.14 0.19 1.97 899
012330 현대모비스 208,500 94,573,094 8.40 0.54 1.92 197,185
012620 원일특강 13,950 4,400,000 3.27 0.44 1.79 614
012630 HDC 7,240 59,741,721 3.81 0.17 3.45 4,325
012700 리드코프 9,180 26,446,135 6.04 0.55 8.72 2,428
012800 대창 2,125 91,140,499 7.43 0.67 1.41 1,937
013030 하이록코리아 18,250 13,613,232 12.76 0.68 2.74 2,484
013120 동원개발 5,190 90,808,100 6.50 0.49 2.89 4,713
013310 아진산업 3,090 38,806,582 49.84 0.57 0 1,199
013580 계룡건설 37,150 8,930,907 2.13 0.47 2.15 3,318
013870 지엠비코리아 5,870 19,072,280 11.49 0.47 1.36 1,120
014100 메디앙스 6,200 11,800,000 16.76 0.77 0 732
014440 영보화학 4,910 20,000,000 28.06 0.62 2.04 982
014530 극동유화 4,580 34,869,420 14.01 0.86 3.49 1,597
014710 사조씨푸드 7,100 17,218,543 12.41 0.53 0.85 1,223
014790 한라 5,430 37,858,601 2.69 0.60 1.84 2,056
015230 대창단조 4,875 28,572,230 5.23 0.59 2.77 1,393
015360 예스코홀딩스 37,450 6,000,000 10.40 0.33 6.01 2,247
015750 성우하이텍 4,880 80,000,000 8.68 0.35 1.64 3,904
015860 일진홀딩스 5,690 49,347,483 13.98 0.63 2.64 2,808
015890 태경산업 7,420 29,228,750 12.03 0.80 3.64 2,169
016090 대현 2,800 44,282,310 6.44 0.56 3.21 1,240
016250 SGC이테크건설 56,200 2,599,445 2.09 0.67 2.08 1,461
016360 삼성증권 39,750 89,300,000 3.68 0.58 9.56 35,497
016450 한세예스24홀딩스 6,920 40,000,000 6.87 0.57 3.61 2,768
016590 신대양제지 93,100 4,029,782 6.93 0.67 1.34 3,752
016610 DB금융투자 6,510 42,446,389 2.36 0.29 7.68 2,763
016740 두올 3,810 33,066,680 7.89 0.64 2.10 1,260
016800 퍼시스 36,600 11,500,000 9.33 0.67 3.01 4,209
017480 삼현철강 7,730 15,702,890 4.78 0.68 3.88 1,214
017650 대림제지 10,850 9,000,000 4.54 0.47 0.92 976
017890 한국알콜 12,250 21,605,760 5.76 0.60 0.82 2,647
017940 E1 50,400 6,860,000 2.62 0.22 4.36 3,457
018670 SK가스 127,000 9,230,244 4.70 0.54 4.02 11,722
019010 베뉴지 2,425 48,200,000 2.81 0.32 1.24 1,169
019440 세아특수강 17,100 8,570,000 5.61 0.43 7.02 1,465
020000 한섬 35,850 24,630,000 7.71 0.64 1.67 8,830
020400 대동금속 12,200 3,189,166 14.66 0.89 0.49 389
021050 서원 2,100 47,474,590 6.75 0.75 0.71 997
021320 KCC건설 9,620 21,400,000 4.36 0.43 1.87 2,059
021820 세원정공 8,090 10,000,000 7.66 0.18 0.31 809
023000 삼원강재 3,350 40,000,000 15.23 0.61 3.13 1,340
023160 태광 10,900 26,500,000 18.99 0.65 0.92 2,888
023350 한국종합기술 9,840 10,950,000 9.76 0.72 1.02 1,077
023410 유진기업 5,120 77,310,863 5.17 0.41 3.32 3,958
023460 CNH 2,340 37,200,000 54.42 0.61 0.86 870
023590 다우기술 20,600 44,866,617 2.46 0.45 2.91 9,243
023600 삼보판지 13,650 16,170,000 4.15 0.49 1.28 2,207
023760 한국캐피탈 889 315,609,576 5.29 0.69 3.94 2,806
024110 기업은행 11,250 744,300,587 3.71 0.31 6.93 83,734
024120 KB오토시스 7,060 11,500,000  999 1.70 812
024720 한국콜마홀딩스 22,400 18,576,719 20.22 0.70 1.09 4,161
024800 유성티엔에스 3,445 31,278,618 3.13 0.32 0 1,078
025000 KPX케미칼 53,800 4,840,000 5.41 0.45 5.11 2,604
025530 SJM홀딩스 3,820 14,934,008 13.40 0.34 4.58 570
025560 미래산업 13,700 4,452,007 7.47 0.72 0 610
026940 부국철강 5,390 20,000,000 12.25 0.90 1.39 1,078
027410 BGF 5,670 95,716,791 8.28 0.35 1.94 5,427
028260 삼성물산 118,000 186,887,081 13.61 0.64 3.56 22527
029460 케이씨 22,200 13,554,044 5.76 0.41 1.35 3,009
029530 신도리코 32,950 10,080,029 3.48 0.33 4.55 3,321
029780 삼성카드 33,400 115,858,891 7.02 0.47 6.89 38,697
030200 KT 35,500 261,111,808 6.83 0.56 5.38 92,695
030210 다올투자증권 4,690 60,314,092 1.91 0.42 5.33 2,829
030530 원익홀딩스 4,920 77,237,981 3.48 0.39 0 3,800
030610 교보증권 7,740 64,653,296 3.49 0.35 6.46 5,004
031310 아이즈비전 3,960 16,439,898 3.63 0.48 0 651
031510 오스템 2,425 28,000,000  999 0.82 679
032190 다우데이타 13,750 38,300,000 3.58 0.57 2.18 5,266
032560 황금에스티 9,770 17,000,000 5.57 0.56 1.93 1,661
032640 LG유플러스 13,900 436,611,361 8.52 0.78 3.96 6689
032750 삼진 8,020 7,200,000 6.00 0.63 1.04 577
032830 삼성생명 64,800 200,000,000 8.82 0.31 4.63 129,600
032940 원익 4,795 18,193,230 3.06 0.41 0 872
033920 무학 9,380 28,500,000  999 2.45 2,673
034220 LG디스플레이 16,700 357,815,700 5.04 0.46 3.89 59,755
034300 신세계건설 35,400 4,000,000 5.41 0.63 2.40 1,416
034590 인천도시가스 28,000 4,374,754 32.98 0.60 4.46 1,225
034810 해성산업 13,150 26,356,298 6.62 0.48 1.33 3,466
034830 한국토지신탁 2,215 252,489,230 4.01 0.49 4.51 5,593
035000 지투알 6,600 16,567,409 6.32 0.66 5.30 1,093
035760 CJENM 126,000 21,929,154 14.28 0.69 1.67 27,631
035810 이지홀딩스 5,680 65,145,845 15.52 0.70 0.88 3,700
035890 서희건설 1,885 229,808,457 2.99 0.64 2.65 4,332
036170 클라우드에어 1,390 61,365,626 47.93 0.73 0 853
036190 금화피에스시 32,200 6,000,000 8.35 0.69 4.04 1,932
036460 한국가스공사 41,500 92,313,000 4.03 0.40 6.57 38,310
036530 SNT홀딩스 17,750 16,303,886 3.75 0.27 3.94 2,894
036560 영풍정밀 10,150 15,750,000 13.61 0.50 3.45 1,599
036830 솔브레인홀딩스 28,000 20,964,056 18.65 0.53 0.54 5,870
037330 인지디스플레 2,520 43,885,224 22.70 0.59 1.98 1,106
037350 성도이엔지 5,780 15,470,000 4.19 0.32 2.60 894
037400 우리엔터프라이즈 3,160 26,223,346 3.86 0.76 0 829
037460 삼지전자 12,050 16,318,522 6.43 0.69 3.32 1,966
037560 LG헬로비전 6,410 77,446,865 18.42 0.76 1.72 4,964
037710 광주신세계 36,800 8,000,000 5.62 0.39 4.62 2,944
038010 제일테크노스 6,120 9,000,000 73.73 0.70 0.82 551
038110 에코플라스틱 2,870 34,169,370 19.01 0.75 1.74 981
038950 파인디지털 6,590 10,210,765 27.23 0.59 0.76 673
039310 세중 3,625 18,121,667 14.92 0.75 0 657
039490 키움증권 93,300 26,219,513 2.84 0.62 3.75 24,463
039610 화성밸브 7,230 10,410,400 31.57 0.97 0 753
039980 리노스 1,265 45,713,596 57.50 0.79 0 578
040300 YTN 3,550 42,000,000 2.89 0.62 1.41 1,491
040610 SG&G 2,865 34,087,196 6.57 0.33 0 977
041520 이라이콤 6,950 12,188,730 34.24 0.41 4.32 847
041650 상신브레이크 4,020 21,471,450 8.82 0.43 1.99 863
042420 네오위즈홀딩스 38,250 8,856,866 5.21 0.64 1.81 3,388
042670 현대두산인프라코어 6,590 197,455,862 2.88 0.95 0 13,012
043370 피에이치에이 9,380 21,000,000 5.24 0.30 1.92 1,970
043650 국순당 10,850 17,858,304 9.00 0.71 2.40 1,938
044490 태웅 12,400 20,007,381 34.73 0.52 0 2,481
044820 코스맥스비티아이 14,200 9,603,921 9.65 0.44 1.83 1,364
045060 오공 4,320 16,941,974 7.90 0.77 1.16 732
045100 한양이엔지 16,050 18,000,000 6.30 0.68 3.43 2,889
049430 코메론 12,000 9,048,000 5.49 0.59 1.67 1,086
049830 승일 12,950 6,132,112 20.46 0.53 1.31 794
050860 아세아텍 4,005 22,500,000 13.35 0.83 1.25 901
051390 YW 4,250 11,355,368 18.16 0.49 2.35 483
052790 액토즈소프트 11,800 11,330,638 3.57 0.66 0 1,337
053210 스카이라이프 9,170 47,821,966 7.28 0.55 3.82 4,385
053280 예스24 8,450 25,000,000 11.33 0.63 2.37 2,112
053620 태양 9,810 8,600,000 17.55 0.46 1.53 844
053700 삼보모터스 5,290 18,823,896 7.54 0.41 0.94 996
054040 한국컴퓨터 5,070 16,071,290 5.37 0.67 3.55 815
054050 농우바이오 13,200 16,030,561 30.56 0.87 1.51 2,116
054540 삼영엠텍 5,610 13,000,000  999 1.25 729
054800 아이디스홀딩스 12,400 10,347,756 29.18 0.51 1.61 1,283
054930 유신 21,150 3,000,000 5.24 0.67 3.55 634
055550 신한지주 41,700 516,599,554 5.54 0.47 4.70 215,422
056360 코위버 9,000 9,796,800 12.57 0.66 0.78 882
057050 현대홈쇼핑 60,000 12,000,000 7.08 0.36 4.00 7,200
058650 세아홀딩스 119,000 4,000,000 9.66 0.24 2.31 4,760
058850 KTcs 2,450 42,685,000 5.74 0.56 4.08 1,046
058860 KTis 2,650 34,802,000 3.70 0.45 3.77 922
060980 한라홀딩스 41,850 10,472,070 4.12 0.41 4.78 4,383
064800 젬백스링크 1,660 83,178,127 3.92 0.73 1.21 1,381
065690 파커스 3,335 14,049,331 5.41 0.55 4.50 469
066620 국보디자인 20,600 7,500,000 7.90 0.62 1.65 1,545
066900 디에이피 4,155 22,744,503 11.57 0.64 0 945
067830 세이브존I&C 3,690 41,040,895 20.39 0.30 0.81 1,514
068790 DMS 6,310 24,573,061 4.68 0.58 1.59 1,551
069730 DSR제강 6,500 14,400,000 12.29 0.61 0.62 936
069960 현대백화점 76,000 23,402,441 9.39 0.38 1.45 17,786
070960 용평리조트 5,300 48,133,333 29.44 0.66 0 2,551
071050 한국금융지주 70,000 55,725,992 2.44 0.55 8.79 39,008
071320 지역난방공사 36,000 11,578,744 19.43 0.23 2.21 4,168
072470 우리산업홀딩스 4,670 18,887,341 89.81 0.67 0.75 882
072710 농심홀딩스 74,600 4,637,790 7.05 0.33 2.68 3,460
072870 메가스터디 12,150 11,920,959 5.69 0.48 4.94 1,448
072950 빛샘전자 8,050 6,230,859 12.09 0.75 1.24 502
073560 우리손에프앤지 2,805 69,237,643 7.03 0.84 1.78 1,942
075180 새론오토모티브 5,850 19,200,000 8.01 0.47 2.39 1,123
078000 텔코웨어 10,700 9,702,706 57.22 0.55 4.67 1,038
078020 이베스트투자증권 7,580 55,481,190 3.40 0.55 7.92 4,205
078930 GS 44,550 92,915,378 2.91 0.41 4.49 41,394
079000 와토스코리아 7,490 7,200,000 38.02 0.73 2.67 539
079430 현대리바트 14,650 20,535,282 22.30 0.60 0.68 3,008
079960 동양이엔피 17,200 7,860,000 7.63 0.51 1.74 1,352
079980 휴비스 7,710 34,500,000 72.74 0.54 3.89 2,660
080010 이상네트웍스 7,660 10,000,000 11.84 0.72 1.18 766
080520 오디텍 7,430 11,746,609 21.29 0.63 1.35 873
081580 성우전자 3,485 15,508,143 10.16 0.50 1.43 540
082640 동양생명 6,710 161,358,585 3.93 0.34 9.24 1827
083550 케이엠 7,620 11,251,616 11.42 0.63 0.88 857
084110 휴온스글로벌 28,400 12,621,492 89.87 0.66 1.68 3,584
084690 대상홀딩스 10,700 36,212,538 7.37 0.56 2.24 3,875
085620 미래에셋생명 3,970 177,016,189 9.95 0.32 2.52 7,028
086790 하나금융지주 46,600 300,242,062 3.97 0.40 6.65 139,913
087600 픽셀플러스 9,570 8,166,558 20.85 0.72 0 782
088130 동아엘텍 9,280 10,662,938 23.26 0.53 1.62 990
088350 한화생명 2,890 868,530,000 2.11 0.19 0 25,101
088790 진도 3,960 12,447,744 13.85 0.49 1.01 493
089470 HDC현대EP 4,695 31,900,000 14.58 0.45 2.98 1,498
090350 노루페인트 11,250 20,000,000 15.93 0.67 2.44 2,250
091340 S&K폴리텍 5,170 11,703,721 15.96 0.60 4.84 605
091590 남화토건 9,180 11,740,000 8.50 0.72 1.63 1,078
092230 KPX홀딩스 64,000 4,224,646 5.86 0.31 4.69 2,704
092440 기신정기 4,495 29,200,000 12.66 0.53 3.34 1,313
092780 동양피스톤 6,440 13,168,460 11.44 0.77 0.93 848
093050 LF 19,350 29,240,000 4.77 0.41 3.10 5,658
093190 빅솔론 7,310 19,238,905 5.46 0.69 3.42 1,406
093380 풍강 4,600 9,879,313 11.47 0.67 2.17 454
093920 서원인텍 6,500 18,600,000 7.30 0.67 5.39 1,209
094840 슈프리마에이치큐 7,760 10,471,840 7.65 0.45 0 813
100220 비상교육 7,650 12,996,741 16.42 0.47 2.88 994
100250 진양홀딩스 3,760 55,895,292 21.01 0.63 4.52 2,102
100840 SNT에너지 21,950 7,506,711 13.18 0.59 3.64 1,648
101530 해태제과식품 9,030 29,116,822  999 2.21 2,629
102260 동성케미컬 4,855 49,689,728 13.09 0.69 4.12 2,412
103140 풍산 32,450 28,024,278 3.74 0.54 3.08 9,094
103590 일진전기 5,720 37,080,390 14.19 0.66 1.75 2,121
104480 티케이케미칼 5,020 90,895,434 1.30 0.68 0 4,563
104700 한국철강 9,080 42,450,000 4.30 0.49 2.75 3,854
105560 KB금융 58,300 412,352,494 5.50 0.48 5.04 24402
108380 대양전기공업 15,200 9,567,333 16.45 0.62 0.66 1,454
108670 LX하우시스 58,300 8,967,670 44.54 0.67 0.51 5,228
111110 호전실업 10,700 9,749,984 8.01 0.80 2.34 1,043
114630 폴라리스우노 4,205 13,573,965 12.08 0.72 0 571
115310 인포바인 23,300 3,192,883 13.04 0.52 3.86 744
115390 락앤락 10,300 51,550,414 33.66 0.75 0 5,310
120110 코오롱인더 62,200 27,519,091 9.82 0.77 2.09 17,117
121440 골프존뉴딘홀딩스 9,060 42,836,818 2.88 0.65 1.54 3,881
123410 코리아에프티 3,500 27,841,064 17.50 0.73 1.71 974
123700 SJM 4,380 15,604,898 9.61 0.39 3.42 683
123890 한국자산신탁 3,975 123,977,752 4.58 0.57 5.53 4,928
126560 현대퓨처넷 3,370 112,876,596 4.08 0.48 2.67 3,804
126640 화신정공 2,120 36,373,887 16.96 0.76 1.41 771
127710 아시아경제 2,955 30,206,408 3.10 0.56 0 893
129260 인터지스 3,600 29,747,874 7.30 0.50 2.78 1,071
130740 티피씨글로벌 3,710 11,276,679  999 0.81 418
136490 선진 13,750 23,779,604 7.62 0.79 0.73 3,270
138070 신진에스엠 6,400 8,972,183 12.40 0.75 1.88 574
138930 BNK금융지주 7,890 325,935,246 3.25 0.27 7.10 25,716
139130 DGB금융지주 8,850 169,145,833 2.98 0.27 7.12 14,969
139480 이마트 131,500 27,875,819 2.33 0.36 1.52 36,657
145990 삼양사 56,800 10,313,449 14.75 0.45 2.20 5,858
155660 DSR 6,800 16,000,000 8.85 0.62 0.74 1,088
161000 애경케미칼 10,450 48,648,709 4.70 0.73 5.26 5,084
161390 한국타이어앤테크놀로지 35,600 123,875,069 7.38 0.53 1.97 44,100
163560 동일고무벨트 7,580 13,900,000 17.39 0.52 1.05 1,054
175330 JB금융지주 8,860 196,982,894 3.44 0.41 6.76 17,453
181710 NHN 35,650 37,517,915 11.44 0.70 0 13,375
183190 아세아시멘트 15,150 38,958,090 6.23 0.65 1.49 5,902
192400 쿠쿠홀딩스 19,150 35,562,185 4.70 0.67 3.65 6,810
192440 슈피겐코리아 44,000 6,216,363 6.05 0.70 1.91 2,735
198080 엔피디 2,985 21,535,185 17.06 0.69 0 643
200880 서연이화 6,970 27,028,437 7.16 0.28 2.15 1,884
210540 디와이파워 14,950 11,041,708 5.31 0.73 2.01 1,651
212560 네오오토 8,470 7,874,963 10.16 0.75 0.83 667
213500 한솔제지 14,500 23,800,576 25.22 0.51 4.14 3,451
221980 케이디켐 15,150 4,034,800 7.64 0.66 3.30 611
227840 현대코퍼레이션홀딩스 12,700 9,100,836 9.26 0.57 3.94 1,156
237750 피앤씨테크 7,460 6,496,600 14.05 0.74 0 485
264900 크라운제과 12,000 12,523,850 12.18 0.96 2.08 1,503
267270 현대건설기계 38,700 19,700,793 6.72 0.56 3.10 7,624
267290 경동도시가스 25,850 5,895,406 6.89 0.41 3.38 1,524
280360 롯데제과 125,000 6,416,717 22.99 0.65 1.28 8,021
282690 동아타이어 12,700 13,733,015 10.55 0.47 7.87 1,744
294870 HDC현대산업개발 15,100 65,907,330 5.64 0.35 3.97 9,952
298040 효성중공업 54,900 9,324,548 8.89 0.55 0 5,119
306200 세아제강 179,500 2,836,300 5.57 0.74 1.95 5,091
316140 우리금융지주 14,950 728,060,549 4.19 0.42 6.02 108,845
344820 KCC글라스 62,200 15,970,512 8.47 0.71 3.86 9,934
375500 DL이앤씨 59,600 38,693,623 4.40 0.61 2.27 23,061
383800 LX홀딩스 10,000 76,280,690 3.62 0.55 0 7,628
402340 SK스퀘어 51,400 141,467,571 3.19 0.44 0 72,714
900070 글로벌에스엠 808 53,743,968 47.53 0.47 0 434
900120 씨케이에이치 272 123,012,232 7.35 0.08 0 335
900290 GRT 1,210 67,375,000 2.13 0.13 0 815
900310 컬러레이 1,515 54,000,000 3.37 0.38 0 818
900340 윙입푸드 1,840 47,973,428 4.65 0.56 0 883