000050
000070
000140
000180
000240
000320
000390
000370
000480
000490
000500
000540
000590
000670
000810
000850
000860
000880
001040
001080
001120
001130
001200
01230
001270
001290
001450
001500
001630
001680
001720
001740
001750
001790
001800
001810
001880
001940
002020
002030
002140
002170
002200
002240
002270
002310
002320
002380
002450
002460
002620
002810
003010
003030
003200
003240
003300
003380
003460
003470
003540
003550
003570
003650
003680
003690
003830
003960
004150
004360
004450
004540
004560
004690
004710
004780
004840
004960
004980
005010
005160
005440
005490
005680
005710
005720
005740
005800
005810
005820
005830
005940
005960
005990
006040
006090
006120
006220
006260
006360
006650
006800
006880
006980
007120
007160
007330
007540
007590
007610
007690
008040
008110
008250
008420
008470
009290
009300
009310
009410
009770
009970
010040
010100
010400
010960
011170
011210
011370
011560
011760
012030
012200
012320
012330
012620
012630
012700
013030
013120
013580
014440
014530
014710
014790
015230
015760
016090
016360
016450
016590
016600
016610
016740
017390
017480
017650
017890
017940
018670
019010
020400
021320
021820
023000
023350
023410
023460
023590
023600
024110
024120
024720
024800
024840
025000
025530
026940
027410
028260
029460
029780
030200
030210
030530
030610
031310
031510
032190
032560
032750
032830
900270
900300
900310
900340